total.status,total.tgres,total.rs3115860_2
1,-1.09878988389,1
1,-1.07205893721,0
1,0.906005047543,0
1,1.21303970964,0
1,-0.565220203018,0
1,-0.446694299607,0
1,-0.843235498087,0
1,-0.295416106952,0
1,-1.25222688579,0
1,0.906304819822,0
1,0.630500634801,1
1,0.013105219367,1
1,1.73857004974,1
1,0.675281757306,0
1,0.718312481955,0
1,-0.0940824730631,1
1,1.47439058539,0
1,-0.257651521749,0
1,1.23034035355,2
1,0.73419169009,1
1,-1.47114996556,0
1,-0.28253110135,1
1,0.813826867025,0
1,-0.678376938092,0
1,-1.26452421252,0
1,0.24750711276,0
1,0.420256858021,0
1,0.743964290709,1
1,0.411283511714,1
1,-0.134677952712,0
1,1.65779533841,0
1,1.27089804464,1
1,-0.968812961008,1
1,-1.31075097292,0
1,-1.34599365192,0
1,0.849750157543,1
1,0.132732499344,0
1,1.77958258144,2
1,1.69774817321,1
1,0.301695389214,0
1,-0.548127724781,0
1,-0.571213058854,0
1,0.521359383721,0
1,-0.247787975592,0
1,-1.20163058674,1
1,0.787816250008,0
1,1.9033571192,1
1,1.0333156768,1
1,0.0149883276104,0
1,0.375994034444,0
1,0.898237287319,1
1,0.366170988936,0
1,-1.86062816963,0
1,0.444811433236,1
1,0.112788742173,0
1,-0.246722052511,0
1,0.96598167085,2
1,-0.531861679148,0
1,-2.06862806461,1
1,-0.449237832479,0
1,-0.965102495306,0
1,-0.447808391297,0
1,-1.13201088381,0
1,0.382554312376,0
1,0.543643678564,2
1,-1.28969996684,0
1,1.60633227654,1
1,0.358176695929,0
1,-0.337557783481,0
1,-0.80138802785,1
1,0.879209191054,1
1,0.498661914675,0
1,-1.78599549823,0
1,1.04950847273,0
1,0.344327257849,0
1,-0.0413321340962,0
1,0.931812392052,1
1,0.309396303103,0
1,-0.235764749585,0
1,0.750415011783,1
1,0.707673648848,1
1,-0.914565256788,0
1,1.65737571656,0
1,0.840928337844,1
1,0.751632759333,0
1,-0.266956344066,1
1,2.55886520818,1
1,-1.05703827333,0
1,-0.632322265544,0
1,-0.38804736899,1
1,0.286302315113,0
1,-0.416211561907,0
1,1.01194865073,0
1,-1.54751977398,0
1,-0.804621005224,0
1,-1.282242315,0
1,-0.335305482655,1
1,0.331297872609,0
1,-0.065438043376,0
1,-0.773551254471,1
1,1.00391325132,1
1,-0.201747241313,1
1,0.562438545976,0
1,1.06822008706,0
1,-0.469676859008,0
1,-0.35416719095,0
1,1.94995911133,2
1,-1.77276109934,1
1,2.37845008872,1
1,-0.163390114171,1
1,-1.43147788443,0
1,2.26738388463,1
1,-0.653472912773,1
1,0.713398498654,1
1,0.435289253095,0
1,-0.541784817065,0
1,-0.38044315207,0
1,-0.279005147977,0
1,0.372637374116,2
1,0.487543783736,0
1,0.106714108429,1
1,0.499477242425,0
1,0.519482398715,0
1,-0.531288926232,0
1,1.11223382142,1
1,-0.0282165828276,0
1,0.431104759902,0
1,1.04126481561,1
1,-1.63280661714,0
1,-0.232387034468,1
1,-2.01110899778,1
1,1.47182385735,1
1,-0.163071663761,1
1,0.696416231954,0
1,0.705207266032,1
1,0.245763647259,0
1,0.604425363903,0
1,-0.704646341936,0
1,-0.390568064382,0
1,1.23981939796,1
1,-0.176570588709,0
1,-0.652225198741,1
1,0.797922939157,2
1,-0.477641702929,1
1,0.510737919392,2
1,-0.986625918162,0
1,-1.34440699111,0
1,-0.0319952404473,0
1,0.710309208045,0
1,-0.0176323938188,0
1,0.554768949431,1
1,0.759947830081,1
1,-0.775205799481,1
1,-0.127784771457,0
1,-0.958291203493,0
1,-0.983887251603,0
1,0.0414564719814,0
1,-0.739236551952,0
1,-0.577743450205,1
1,1.39916801615,1
1,1.58411452201,1
1,2.07019326646,0
1,-0.42311480661,0
1,0.912901761107,1
1,-1.15497553337,1
1,-0.246428054242,1
1,0.273004586811,0
1,1.28797933581,0
1,-1.11175318656,0
1,0.341840737452,0
1,0.684467451862,0
1,-0.993983289712,0
1,-0.883522803368,1
1,-0.637485200499,0
1,-1.12358033311,1
1,-0.585898940352,0
1,0.415671915584,1
1,2.35068055301,1
1,-1.20104711716,0
1,0.79092584364,0
1,-0.281510049203,1
1,-1.9622978834,0
1,1.57196931938,1
1,-0.620740821716,0
1,-0.164616983846,0
1,-0.31218457884,1
1,-0.849577355088,0
1,1.84133944577,2
1,-0.786871910875,0
1,0.652650293535,1
1,0.0125299377716,0
1,1.32833472034,1
1,-0.694239998636,0
1,-1.78432489846,0
1,0.736217228529,1
1,0.648014450318,1
1,1.1756346274,0
1,-1.10345512634,0
1,-0.554378087503,1
1,-0.774406552148,0
1,-1.10926722744,1
1,2.1690234026,1
1,-1.04810650222,1
1,-0.367915904475,1
1,-0.638133265829,0
1,-0.930021880679,0
1,-1.51181409772,0
1,2.68712478137,0
1,-1.29137224374,0
1,-1.18656606297,0
1,-0.592231204726,0
1,0.103534333345,0
1,0.647467714895,0
1,0.433225226881,1
1,0.680003967362,1
1,2.67480581347,0
1,0.237573966185,0
1,-1.33488153921,0
1,1.7806764388,0
1,-0.94273061283,0
1,1.78749473339,2
1,0.438764154348,1
1,2.05950640304,0
1,-0.119964381207,0
1,0.264333456855,1
1,-0.27969844964,0
1,0.565901583024,0
1,2.51688589921,0
1,0.095820006159,1
1,-1.06699858092,0
1,-0.331224512746,1
1,0.570062161315,0
1,0.180997291223,0
1,2.33360324478,0
1,0.515439412168,0
1,-0.00560808474759,0
1,1.39378233822,0
1,-0.0298528545155,1
1,-0.0106811887031,0
1,-0.232645452959,1
1,1.40179850447,1
1,-0.140365799954,0
1,0.868022916118,1
1,-0.630925723406,0
1,1.30627338514,1
1,1.24924547455,1
1,1.2906807924,0
1,0.295676213494,1
1,0.113328447286,0
1,-1.29928103202,0
1,-0.347353108138,0
1,0.113196962043,0
1,1.46540391985,1
1,-0.670372380962,0
1,1.31031203296,0
1,1.54983075941,1
1,2.14947408088,1
1,1.21286495037,0
1,-0.2718708056,2
1,-1.17639357306,0
1,0.603063764019,0
1,0.356264243183,1
1,1.16671629443,1
1,0.814148551307,1
1,-1.38616110617,0
1,-1.01543003038,0
1,-0.966493577012,1
1,0.421543492127,0
1,1.79988893719,1
1,-1.1224887462,0
1,0.575565823837,0
1,-0.0827133553686,1
1,0.951798295965,0
1,-0.009239813669,0
1,0.975840779009,0
1,-0.754219420184,0
1,2.55182899658,1
1,2.07310348687,0
1,-0.705111841678,1
1,1.45607325288,1
1,-0.23776131322,0
1,1.45600414186,0
1,-1.09969631062,1
1,-0.470189662367,1
1,-0.138844760401,0
1,1.33347685231,1
1,0.397310308841,1
1,1.19469168771,1
1,1.57629069447,1
1,-1.10307425441,0
1,1.52151014759,1
1,-0.0604874092173,1
1,0.540814597813,0
1,1.35945870531,0
1,2.76191183736,1
1,-0.0445001485662,0
1,-0.458046322028,1
1,-0.190375325752,0
1,0.00490531608585,1
1,0.638917688416,1
1,0.225130636445,1
1,-0.499328355162,0
1,2.35543246835,0
1,-0.697125756428,0
1,1.17788447814,1
1,1.40326056108,1
1,0.422293275047,0
1,-0.206347163881,1
1,0.939602913012,2
1,-2.23731886719,0
1,-0.496441208857,0
1,0.399599734251,1
1,0.547388432905,1
1,-1.22455360918,0
1,2.20659162503,1
1,0.546070812424,1
1,-1.52161195205,0
1,-1.44778101705,0
1,-0.240083791681,1
1,0.0397498662179,0
1,2.42385211667,0
1,0.467379085646,0
1,0.42512382219,0
1,2.12189578283,2
1,-2.3488414497,0
1,-0.0117353403667,0
1,-1.45476664428,0
1,-1.77081292639,0
1,-1.45358945761,1
1,-1.16596015865,0
1,0.416094708915,1
1,-0.396258452097,0
1,1.41468063118,1
1,1.37341888749,0
1,1.00426148659,0
1,0.219186824047,0
1,-1.16747232843,0
1,0.640051127444,0
1,0.309527385581,0
1,1.7984437798,1
1,0.369611690311,0
1,-0.286590143208,1
1,-1.01394318167,0
1,-1.12004697996,1
1,0.784092536581,0
1,0.274101838575,1
1,-1.24893427827,0
1,0.19621298817,0
1,0.409891685494,0
1,-1.37124079757,0
1,0.958926562831,1
1,-0.583256599742,1
1,0.431405079416,0
1,-0.123650605044,0
1,-0.814008666873,1
1,0.694267301742,0
1,-1.49780398913,0
1,0.965583456253,1
1,1.96326513337,1
1,-0.224038207419,0
1,0.0556659039029,1
1,0.663226315408,1
1,1.35117674414,0
1,-0.136463793824,0
1,-1.05898266016,0
1,-0.933269814448,0
1,-0.867453969592,1
1,0.166780122497,0
1,1.04026087779,1
1,-0.65092090223,1
1,-0.277619085796,0
1,0.258565332508,0
1,-0.128570212401,0
1,0.207943503545,2
1,-0.541080532342,1
1,-1.61394516644,1
1,-2.1396614525,0
1,1.16485106609,1
1,2.01587113978,0
1,0.943667456673,0
1,-0.195580882971,0
1,-0.222603544227,0
1,0.0490203949538,0
1,0.455554280618,0
1,-0.397403147098,0
1,-1.30038988387,0
1,-0.0181623979683,1
1,0.312096930602,0
1,-0.791759454286,0
1,0.893708602908,0
1,-0.59742927014,1
1,-0.339955236133,0
1,-1.11936863545,0
1,-0.394611115818,0
1,-0.133285940947,0
1,0.101375577783,0
1,-1.73095983661,0
1,0.992315309682,0
1,0.20118399071,1
1,0.185265620721,0
1,2.14038322667,0
1,0.850129635738,0
1,-0.685224830808,0
1,1.21234086753,0
1,0.876777371031,1
1,1.83403676578,1
1,-0.674326550544,0
1,0.7327502612,0
1,0.394197816317,0
1,1.44560217398,0
1,0.154851133557,0
1,-0.173033629965,1
1,-0.127533016068,0
1,0.557141282594,0
1,0.0719806431519,0
1,0.375830309815,1
1,0.3837571894,0
1,0.110337681832,1
1,-0.360223203805,0
1,1.58248566683,2
1,1.56697324913,1
1,2.19589577349,0
1,0.369954157934,0
1,-0.037211758153,0
1,-0.346024829263,1
1,1.58396035864,0
1,-1.07581994082,0
1,0.0774657456994,0
1,0.171655175331,0
1,1.26328306349,1
1,-0.0319005590848,0
1,2.0630143848,1
1,-0.782030461573,0
1,0.00207307973753,1
1,0.617556799574,0
1,0.929778104321,1
1,1.40729199153,1
1,-0.271245890992,0
1,0.847098526175,1
1,-0.757586519289,1
1,-0.908160539879,0
1,0.019099047375,1
1,0.448075124979,0
1,1.89243910258,1
1,0.152117567017,1
1,2.07919128186,0
1,-0.951274672095,0
1,-0.0182936560178,0
1,0.133030686668,1
1,-1.38558692069,0
1,0.0478708929199,1
1,0.452530703952,0
1,-1.98609442804,0
1,-0.438488172902,1
1,0.609543366603,1
1,0.27343282292,0
1,0.314046835194,0
1,-1.3602047283,0
1,0.745208843213,1
1,-0.293437569293,2
1,-2.19799949319,0
1,-1.06422397512,0
1,-0.894025492607,1
1,-0.823768471767,0
1,0.676530187038,0
1,-0.150002593879,0
1,1.1311839071,1
1,-1.00821530905,0
1,2.5665799336,1
1,-0.846685203727,1
1,-1.30336114331,0
1,-0.0146348618506,0
1,0.892961709683,1
1,0.0116972406703,0
1,-0.197899393142,0
1,-0.862789453206,0
1,0.389798540826,1
1,0.442082925256,0
1,0.103890034575,0
1,1.16524108984,0
1,-1.17069666689,0
1,-1.11115645539,0
1,-0.233931195919,0
1,-0.39550834002,1
1,1.30673058526,1
1,-0.59366373645,0
1,0.440103574517,1
1,0.0461302956673,0
1,0.512529914118,0
1,1.04137700709,0
1,-1.31868205139,0
1,1.90024318197,1
1,1.59084033705,1
1,-0.177423368884,0
1,-1.38737554494,0
1,1.2547144536,0
1,0.311778626616,1
1,-0.256191282305,0
1,-0.285587129714,0
1,-0.686267481399,1
1,-0.307713564638,0
1,-0.179429421256,1
1,1.67456755603,1
1,1.23659042863,1
1,-0.845894174213,0
1,-0.156993408124,1
1,0.0838694643409,1
1,-1.29946943258,0
1,0.893328677644,1
1,-0.246438333146,0
1,-0.716383993123,0
1,-1.48857054889,0
1,-0.778497101031,0
1,2.65086981886,2
1,0.198061179113,0
1,1.23139497793,1
1,0.407699806032,0
1,0.706333320345,0
1,-0.398671023188,0
1,0.0367492988527,1
1,0.856429462041,0
1,0.212608939034,0
1,1.46863102161,1
1,2.20346201902,0
1,1.3019517838,1
1,2.11458030122,0
1,1.86390417806,0
1,-0.14330814708,0
1,1.06350336304,0
1,1.44104203071,0
1,0.732469355827,1
1,0.166237139852,1
1,-0.52033608689,1
1,-0.199805572827,0
1,2.39750643345,0
1,1.22131420661,0
1,0.0470562926685,1
1,-1.0768488085,0
1,-2.48081204312,0
1,0.159984249082,0
1,0.193234344363,0
1,-1.11487865308,0
1,-0.0576295823909,0
1,0.245944569078,0
1,0.681574486086,1
1,0.703962464808,1
1,-0.328931984718,0
1,0.399525769683,1
1,1.36132483661,0
1,0.378485826557,1
1,-0.482632843066,0
1,1.62598298114,0
1,1.04526935061,1
1,0.319503635665,0
1,-1.1064077981,0
1,0.532314962059,1
1,1.56944155585,0
1,-0.758071848956,1
1,0.800264335738,1
1,0.28670287718,0
1,0.466372287753,0
1,0.414921990349,0
1,-0.0102058082934,0
1,1.94680417823,0
1,-0.110443432322,0
1,-2.51158786669,0
1,0.403406481162,0
1,-1.20902141151,0
1,-0.853238288437,0
1,-0.29444196797,0
1,0.19664613668,0
1,1.82218268353,1
1,-1.33847876185,0
1,1.10356277095,0
1,-0.593580849527,0
1,0.120892394299,1
1,2.84430386072,0
1,-1.23940285676,1
1,0.822700902682,1
1,2.54200546778,2
1,-0.0426139945452,0
1,0.816811991194,2
1,1.31411074305,1
1,0.911034171531,0
1,-0.165871319201,1
1,1.26600198617,0
1,1.16094557485,0
1,0.885610389888,1
1,-0.795733337582,1
1,-0.538733345755,1
1,-0.261412850622,0
1,0.93601409376,0
1,-1.0495639198,1
1,0.584839782596,0
1,-0.362847718368,1
1,-0.46803784093,0
1,-1.11735211178,0
1,-0.0213490644878,0
1,-0.893357796396,1
1,0.703468190804,1
1,0.845529826834,0
1,0.114449654704,0
1,-0.295067093082,1
1,0.271672771184,1
1,1.11919419026,1
1,1.01879127193,0
1,2.64000574426,2
1,-2.24275035654,0
1,1.87907589347,0
1,1.0854790473,0
1,0.996246419676,1
1,1.45443960328,1
1,0.31004358786,0
1,0.80085142729,0
1,-0.129259963357,0
1,1.43519309344,0
1,0.356020826616,0
1,0.510468402998,0
1,0.815278708363,1
1,-0.683966073338,0
1,2.64625218553,1
1,0.951977154038,1
1,-1.88374947179,0
1,-0.169628384203,1
1,0.490649793199,0
1,0.719847535791,0
1,-1.37842537748,0
1,-0.0610793001983,0
1,-0.779767219529,0
1,1.39893007407,0
1,-0.909478483065,0
1,1.07559755969,1
1,-0.634700900241,2
1,-0.408123113124,0
1,-0.219723494051,0
1,0.559394571212,1
1,1.12235207635,1
1,0.503716174337,0
1,-1.50055621037,1
1,0.504195213169,0
1,-0.633940482174,0
1,1.2567844779,1
1,-1.33324315343,1
1,-0.0899889611612,1
1,2.35460807006,1
1,1.46034515588,1
1,1.30080507935,1
1,-0.488068689888,0
1,0.420199779843,1
1,1.9518447993,0
1,0.357758746912,0
1,1.0051026574,2
1,0.885736012581,1
1,-0.352931771382,0
1,0.168203803386,0
1,0.382516622658,0
1,-1.27910974116,0
1,0.456970945865,0
1,-1.26651135883,0
1,0.0282512954768,1
1,1.52557595453,1
1,-0.388291954531,1
1,-0.592359275516,1
1,-0.910676298044,1
1,0.728904797714,0
1,0.236061443973,2
1,0.168747316171,0
1,0.69884989776,0
1,0.392353131485,0
1,1.15202437093,0
1,0.12582317318,1
1,0.818555797677,0
1,0.535142647544,0
1,0.735178668866,2
1,-1.07011117203,0
1,1.01035143277,0
1,1.76599763372,0
1,-0.634657557828,1
1,1.01675106911,1
1,0.831512022964,1
1,0.0118554677491,0
1,-0.12715708246,1
1,2.50820571733,0
1,2.9165654811,0
1,1.5443888227,0
1,1.35384193941,0
1,1.05265742031,0
1,1.58254235428,1
1,-0.706160983076,0
1,0.821861851766,1
1,0.0564412312018,1
1,0.17385928701,0
1,0.352685427933,1
1,2.38902280342,1
1,0.915633232176,0
1,1.01122564212,1
1,-0.87939186757,0
1,-1.72529124693,0
1,2.10435567543,0
1,0.758286567064,1
1,0.25803381105,1
1,1.21196824651,2
1,-0.266955886596,0
1,1.88195131308,1
1,-0.255604268126,0
1,-2.75695830335,1
1,1.73549155088,2
1,0.0818780790087,1
1,0.211190223826,0
1,-0.866123925836,0
1,-0.134972012872,0
1,1.4886313171,0
1,1.97182807776,2
1,-0.0193164950562,1
1,0.614902663231,1
1,0.609285729567,0
1,0.77248223808,0
1,0.513054940329,0
1,2.24784363219,1
1,-0.817870528381,1
1,0.401780557542,1
1,-0.604829155841,0
1,1.05714681295,0
1,2.35773871485,1
1,0.831464595804,0
1,1.2663051172,0
1,-0.233378495202,0
1,-2.36305887358,0
1,1.03076910218,0
1,0.829926674158,0
1,2.32238358612,1
1,-1.11694153396,1
1,1.14593719652,1
1,-0.986259463406,0
1,0.0848474884298,0
1,-1.40337674929,1
1,1.77922028279,1
1,0.43272605542,1
1,-0.276287332337,1
1,0.598758672404,1
1,0.324565097056,1
1,1.37910089142,0
1,1.04795641386,1
1,0.572988226923,0
1,0.501347836815,0
1,-1.32049658346,0
1,-0.597774142188,0
1,-0.375985595598,0
1,-0.330305658969,0
1,0.453981132422,0
1,0.357488807188,0
1,1.59537390455,0
1,-1.06266196916,1
1,1.71239358876,0
1,-0.621645683815,0
1,-1.16303588146,1
1,-0.651206024498,0
1,-0.282135561211,1
1,1.69771111107,1
1,-0.855967340813,0
1,0.705793491506,0
1,0.460826400736,1
1,-0.115416984395,1
1,-0.882155144814,0
1,-0.657500087569,0
1,-0.830600936433,0
1,0.368214434147,0
1,0.423244523588,1
1,-0.113091989711,0
1,0.655700103581,0
1,1.25681209623,1
1,2.70324105431,2
1,-0.181469530361,0
1,-0.878267099738,0
1,1.02028030187,0
1,0.0404416240561,1
1,0.101265144024,0
1,-1.40242745672,0
1,0.843193742218,0
1,-1.23671539825,0
1,0.978997235414,0
1,0.42581599229,0
1,0.802137320507,1
1,-0.534755207327,1
1,0.955870613157,1
1,0.267113620954,0
1,0.21608576376,1
1,0.520208955002,1
1,-0.276750940771,1
1,1.05105831304,2
1,0.022078824794,1
1,0.147530086462,0
1,-1.20053300769,0
1,-0.319861079233,0
1,0.655020157889,0
1,0.475902145689,0
1,1.28318240941,1
1,-0.377094663641,1
1,0.212798080825,1
1,-0.435895236241,0
1,-1.57546814779,1
1,0.0945408257648,1
1,0.470574772278,0
1,0.380114988601,0
1,0.296587953367,0
1,-2.32193793308,0
1,1.06188067192,1
1,0.353945187263,0
1,1.53411010427,0
1,0.0775482966616,0
1,0.883264484302,0
1,0.297283451951,0
1,1.17004218006,1
1,-0.958354643149,0
1,1.31464204199,0
1,-0.469229724183,1
1,-2.1991035672,0
1,0.937972518711,1
1,-0.679564724999,0
1,1.65484984594,2
1,0.157405032792,0
1,0.584060086212,0
1,1.01045046038,0
1,-1.59840412877,0
1,1.18406525545,1
1,0.159502192369,0
1,0.857561059558,1
1,-0.115975771802,1
1,1.66931939213,1
1,0.235841110642,0
1,1.44875484326,0
1,0.283122245469,1
1,-0.0146732192694,0
1,0.0332706002845,0
1,-1.05342938725,0
1,0.0694493104579,0
1,-0.593476918985,0
1,0.955002341925,1
1,0.103217182945,0
1,1.10613359376,0
1,0.115531237039,0
1,1.25264806439,0
1,-0.449794853751,0
1,0.798738553433,0
1,0.736382758586,1
1,-0.152590759114,0
1,0.746195659669,1
1,-0.950243595385,0
1,-0.599309376808,0
1,-1.10527884821,0
1,1.09637173195,1
1,0.526498865951,0
1,1.26844631834,1
1,1.23717134559,1
1,0.487035243934,0
1,-0.320302239354,0
1,-0.749997018662,0
1,0.920824454058,1
1,-1.01534428133,1
1,0.0885593034642,0
1,0.27545630233,1
1,1.78419937732,0
1,-0.13922170191,0
1,-0.375543303815,0
1,-0.783528770261,0
1,-0.714334580882,0
1,-0.677124528311,0
1,-0.660732125711,0
1,0.699022387365,0
1,0.117642984075,0
1,0.256460973554,0
1,0.383111794312,0
1,0.0866870015157,0
1,-0.460025475894,0
1,1.11450464613,0
1,-0.0873971969434,0
1,2.67618386111,0
1,1.25771478516,0
1,0.165274445182,0
1,-0.545296055693,1
1,-1.65487049055,0
1,-0.0270600835677,0
1,-0.68135106253,0
1,0.296404239595,0
1,-0.000171654147948,0
1,-1.60758325853,0
1,0.687163244795,2
1,1.06715410644,1
1,0.203706354424,0
1,0.298701824773,0
1,-0.581885393009,0
1,0.972618855836,0
1,-1.57597228292,1
1,0.759637755293,1
1,1.84386154316,1
1,0.399399994882,1
1,1.81897435579,1
1,0.0704655711563,0
1,-0.674199280341,0
1,-0.496888080193,1
1,0.531729259758,0
1,0.644396035735,0
1,-0.31952147219,0
1,1.33173647522,1
1,0.1237397532,0
1,0.0212349207016,1
1,0.70468721079,1
1,1.73463446457,1
1,0.316411298218,0
1,1.23091923639,0
1,-0.311017262212,1
1,-0.0955063571389,1
1,0.234711001673,1
1,0.830155284847,1
1,2.59678912701,1
1,1.48996162346,1
1,0.51154534099,1
1,2.13766856818,1
1,0.790541441238,0
1,1.22859900163,1
1,0.354231103078,1
1,-0.451217150193,0
1,-0.863801018615,0
1,1.23533379252,0
1,0.604764495593,0
1,1.83398641011,0
1,1.15305353234,1
1,0.195146912773,0
1,0.217800418302,0
1,-0.921490998862,0
1,0.930263656698,2
1,0.652216152125,1
1,0.106187086622,1
1,0.212035562134,0
1,1.073393739,0
1,1.0733645841,1
1,-0.520425069053,0
1,1.34032813432,1
1,0.303693547184,1
1,-0.22840294127,0
1,1.11792877249,0
1,0.433254746548,0
1,1.49490103292,1
1,0.484143750791,0
1,1.44429510456,0
1,-0.107210463663,0
1,-1.11911650663,0
1,1.59189218405,0
1,0.197958092622,0
1,0.218344179942,2
1,0.521464311456,0
1,-0.625453524531,1
1,-0.915135070345,0
1,0.856586790995,0
1,-1.15425465744,1
1,0.483933136619,0
1,-0.142386393486,0
1,1.51491076089,2
1,0.991877744814,1
1,0.380453771422,0
1,0.192047092419,0
1,0.766957888839,0
1,0.364498574246,0
1,-1.47452529827,0
1,0.762205044979,0
1,0.506565910265,1
1,0.366451272984,0
1,-1.16085694432,0
1,0.483611209705,0
1,1.05411395056,0
1,-0.99674308163,0
1,1.38961195816,1
1,-0.48274886495,1
1,-0.633405156118,0
1,-0.867685321569,1
1,0.0231644465173,2
1,0.962006861683,0
1,-0.301983018236,0
1,-0.636059123934,0
1,0.283421317374,0
1,1.47078331602,1
1,-0.350881939107,1
1,-1.50996379954,0
1,-1.78599334754,0
1,0.00426707622849,0
1,0.0386737570303,0
1,-1.19105005171,0
1,-2.05786552859,0
1,1.33323981121,1
1,1.13183355903,0
1,0.731063860891,0
1,-0.066468333266,0
1,-0.100336068534,0
1,-0.803285723832,0
1,-0.546122302701,0
1,0.876653812675,0
1,-1.23947419212,0
1,-0.300131019232,0
1,0.57535014509,1
1,-0.928551813293,0
1,-0.774741786142,0
1,-0.806335786614,0
1,0.630446687359,1
1,1.32064706795,1
1,-0.646962654924,0
1,-0.869231860646,0
1,1.16918294964,0
1,-0.953915049421,0
1,1.06715293414,1
1,-0.905616102976,1
1,0.927763197762,1
1,0.589471404652,1
1,0.5211034409,0
1,0.691294694504,1
1,0.276485352644,0
1,-0.702059717828,1
1,-1.07295651424,0
1,-0.464525773418,0
1,1.15699419859,2
1,-0.305541226699,0
1,0.145933279446,0
1,-1.31720160333,0
1,0.879135502261,1
1,0.952554180971,0
1,0.235257794594,0
1,0.159934884654,0
1,-1.44369126104,0
1,0.482823304275,0
1,-0.015162326194,0
1,0.115716129893,0
1,0.134465943896,0
1,1.60440902491,1
1,0.752620586558,1
1,0.630237047147,1
1,0.55854742828,1
1,0.103909186651,0
1,-0.0510952094335,0
1,-0.516450363336,0
1,0.26925675303,0
1,-0.366508664966,0
1,0.919877332821,1
1,1.33318890046,0
1,0.515923248586,1
1,1.6805725776,0
1,-1.1891390416,0
1,1.75412069846,0
1,1.44404246214,0
1,-0.0535304237266,0
1,1.06814113543,1
1,0.856406098674,1
1,0.0556830300225,1
1,-0.604196288334,0
1,-0.101322702512,0
1,0.858293054249,0
1,-1.24353364716,0
1,-1.47844787027,1
1,-2.61611327892,0
1,-0.607374814922,0
1,-0.267472803783,0
1,0.853424817497,0
1,0.84771539988,0
1,0.56653450918,1
1,-0.53082308521,1
1,1.10421757471,1
1,-0.455537735545,0
1,-0.460936490026,0
1,-0.711873917186,1
1,-0.945344800415,0
1,0.132440715187,1
1,1.02274491535,1
1,1.13118136381,1
1,0.277702172916,1
1,-1.62293820988,0
1,-0.00867329786726,2
1,1.9467230198,1
1,1.58808278034,0
1,-0.433986975676,0
1,2.43797907244,1
1,0.444900361757,0
1,-0.178112500497,1
1,-1.00559452572,0
1,1.99262991005,1
1,0.819793317842,1
1,-0.412032029989,1
1,1.15024687446,0
1,-0.884759795513,1
1,-0.0250955414057,0
1,0.688018884426,0
1,1.14565888258,1
1,-0.0210947678503,0
1,-1.58407271238,0
1,1.49023823564,1
1,0.481724200135,0
1,0.248302833778,0
1,1.4790718551,0
1,-1.23553646422,0
1,0.627934805963,0
1,1.93173626417,0
1,3.4326757509,1
1,-0.667340642911,0
1,-1.0091709464,1
1,1.43179217545,0
1,0.875057431649,1
1,0.848473049866,0
1,-1.33835622318,1
1,0.619321763592,0
1,0.511396054465,0
1,-0.829714951993,1
1,-0.813880680931,0
1,0.0482231354993,0
1,-1.48617859799,1
1,0.594288582761,0
1,-0.532289161801,0
1,0.413147499851,0
1,-0.582797375005,0
1,-1.33745957858,0
1,0.24593850008,1
1,0.742309085422,1
1,0.131676677951,0
1,0.575560834405,0
1,1.2378201936,0
1,0.595970559513,1
1,1.15715857861,0
1,0.721042692819,0
1,-0.49731430582,1
1,1.28554604312,1
1,0.0650090318572,0
1,0.0664776682622,1
1,-1.00088726462,0
1,1.83038156747,0
1,-0.843302914975,0
1,-0.123940745323,1
1,-1.00540606652,0
1,-0.0631562251863,2
1,0.663478907631,0
1,0.494444249836,0
1,-1.64951803363,1
1,-0.726454277185,0
1,2.26971818268,1
1,-0.167119198025,0
1,1.26757875792,0
1,0.442240574273,0
1,1.49473184349,0
1,-0.614313066846,1
1,-0.649748324655,0
1,-0.781958129588,1
1,-1.61640986004,1
1,-0.94186351805,0
1,1.06656054975,0
1,-1.38445268539,1
1,0.369112389215,1
1,1.17168248695,0
1,-0.427227560447,0
1,-2.29849385585,0
1,2.17827973142,1
1,-0.507110221484,0
1,0.695356683868,0
1,-0.245897566121,0
1,0.364839848204,0
1,0.126828209816,1
1,-1.74229884834,0
1,-0.163483703523,0
1,1.59536797983,0
1,-1.32804935054,0
1,0.445746520043,0
1,-0.219898662247,1
1,0.656736713642,0
1,-0.0230395867002,0
1,-0.267019296356,0
1,-0.781486808248,0
1,-0.333039666859,0
1,-0.699194868885,0
1,0.113717702251,0
1,2.45998966582,2
1,0.953184253786,0
1,-0.216666788773,0
1,1.57951238148,2
1,-0.294022615035,0
1,1.24582632185,2
1,1.90112993959,1
1,1.40812371725,0
1,1.11372336954,0
1,-0.460791487948,1
1,0.403097501997,0
1,0.415834599553,2
1,0.508363917733,0
1,1.33478384493,1
1,-2.22961036835,1
1,-0.93695172155,0
1,2.11363532932,1
1,0.864526753064,0
1,-0.642330211525,0
1,-0.451196645733,0
1,0.891183890857,1
1,0.930262084222,1
1,1.04211164968,1
1,0.375228464798,0
1,-1.01991970072,0
1,0.0376626774311,1
1,-0.168446053933,0
1,3.29790298379,2
1,1.0463238369,0
1,-0.723032236654,0
1,-0.908246789034,0
1,0.517453295572,1
1,0.728222898971,0
1,0.926800481986,0
1,-1.29778365531,0
1,1.4174910425,2
1,0.52582327085,1
1,1.30494920156,0
1,1.81467637232,1
1,2.18518311659,2
1,1.07363178423,0
1,-0.151683305291,1
1,0.2609738449,1
1,0.785340839116,1
1,-0.627198100408,0
1,1.02968564847,1
1,-0.709745090418,0
1,-1.66586043671,0
1,-0.493358114665,0
1,0.143710313454,1
1,-1.25030760599,0
1,3.07550969421,2
1,0.692411725577,1
1,-0.744758910458,0
1,-0.0125519767652,0
1,0.11701712581,1
1,0.224095585583,1
1,-1.03395913939,0
1,0.160381999617,2
1,0.779967240923,0
1,0.0515463027706,0
1,0.213581737645,0
1,-0.392484571932,0
1,1.31610544472,0
1,0.593146052226,0
1,-1.16941348723,0
1,1.77733928097,0
1,-0.564422830659,0
1,1.04212908501,1
1,1.21270980432,0
1,-0.227178955728,1
1,-0.525622001054,1
1,0.479498166994,0
1,-0.0456594544847,0
1,-0.360078913823,0
1,-0.794097771857,0
1,-0.0803392624341,0
1,0.183535292369,0
1,-0.87200053192,0
1,0.341042483248,0
1,-1.1457281803,0
1,0.252606337986,0
1,-0.397365828331,1
1,-2.7471533936,0
1,0.276846929191,0
1,0.455283052822,0
1,2.15520619927,0
1,1.24861382505,0
1,0.0721095321746,0
1,0.822632602697,0
1,1.40042865555,1
1,0.52034639527,1
1,0.394181982967,0
1,0.553865860665,1
1,-0.647114971548,0
1,0.882863329837,1
1,0.393189869068,0
1,-0.943069068855,0
1,-0.939105290226,1
1,0.21719694595,0
1,1.35991125424,1
1,-0.665521271077,1
1,-0.539572869274,0
1,0.93357859939,0
1,-0.263375814128,0
1,0.307220782888,0
1,0.399878460758,0
1,-0.927784568282,0
1,1.58807891984,0
1,1.33355281833,1
1,2.10753768161,2
1,2.47747847566,1
1,-0.046518127868,0
1,-0.948679204333,0
1,0.633368546369,1
1,1.63846677923,1
1,-1.45179115965,0
1,-0.0258168420932,2
1,0.429510647636,0
1,-0.551779243135,1
1,0.611363606377,0
1,1.17058150708,1
1,0.0482232265305,0
1,1.10527199443,2
1,1.17914652288,0
1,-0.379938872944,0
1,1.38371895462,1
1,1.27425176721,1
1,-2.40940158158,0
1,0.458578828692,0
1,-0.750615040194,1
1,-0.437937286404,0
1,0.699819462973,0
1,-1.10699617519,0
1,-0.863436852543,1
1,-0.641612149557,1
1,1.81449233687,0
1,0.0996759188299,0
1,-0.195914497764,0
1,-0.136002659545,1
1,2.02797186272,1
1,0.479891071353,0
1,1.49652498857,1
1,-0.0705085939289,0
1,0.358813847421,0
1,3.0083188818,1
1,-0.343464574945,0
1,-0.591037079694,1
1,1.65896826503,1
1,-2.70801597389,1
1,-2.05805089874,0
1,-0.460281146158,0
1,1.06317569165,1
1,-0.14471098241,0
1,0.573752827988,1
1,-0.115529146422,0
1,-0.267865839734,0
1,-0.500525555862,1
1,0.571937965385,0
1,-2.04029946613,1
1,0.658448653808,0
1,-0.511677006028,0
1,-2.68002755046,0
1,0.281926244161,0
1,0.383332854576,1
1,0.832592290035,0
1,-0.0470551180073,0
1,-0.0689346716951,0
1,-1.20346616214,0
1,0.739468379809,1
1,1.58149378482,1
1,-0.404046906902,0
1,0.935725657911,0
1,1.40600520939,0
1,0.814227431951,1
1,2.03478905722,0
1,-0.164587520789,0
1,-0.710006484843,1
1,0.68573593075,0
1,1.6514839642,1
1,0.235601380299,0
1,1.17365475242,2
1,-0.400751328421,0
1,0.5285988494,0
1,0.587905150562,0
1,1.70947501101,0
1,0.939867568225,1
1,0.311878949353,1
1,-0.461341366058,0
1,1.50419523386,1
1,0.566198774705,0
1,-0.841264505956,0
1,1.24490169546,1
1,-0.148136282294,0
1,0.210865511785,0
1,-2.60937636239,0
1,2.08297354544,1
1,0.115681659957,1
1,-0.731210180146,0
1,0.692096848114,0
1,-0.299132073447,1
1,2.30375148525,1
1,0.665690562089,2
1,0.470853666952,0
1,-0.0382498603635,1
1,-1.53144215396,0
1,0.769586570151,0
1,0.48207235181,1
1,-0.0880312944123,1
1,0.169339564112,0
1,-0.417070041041,0
1,-0.189324738101,0
1,-0.654992907096,0
1,1.18140381099,0
1,1.25943238163,0
1,-0.294073402064,0
1,1.15341719479,0
1,-1.87410103734,0
1,1.34287730034,2
1,-0.127169645074,0
1,1.1386086138,1
1,0.213400041385,0
1,1.09289195364,0
1,0.503805961848,0
1,3.13911362497,2
1,1.44075985457,1
1,0.838055359316,1
1,-1.37742548957,0
1,0.304486235201,0
1,0.0685343300129,0
1,-0.799779460792,0
1,1.70938399174,0
1,-2.038620889,1
1,1.59286047407,0
1,-0.632950995587,0
1,-0.428248852303,0
1,0.487303970606,0
1,0.32100391564,0
1,0.878395152308,0
1,-0.947363402938,0
1,1.51516160011,1
1,0.796005863969,0
1,0.748465169383,1
1,0.598543262876,1
1,-1.08572898551,0
1,-1.10627430405,0
1,-0.696909881463,0
1,-0.886015083634,0
1,1.57404720858,0
1,1.40982103586,1
1,0.766883164444,0
1,-0.242894883653,0
1,-0.156328190828,1
1,0.369488700954,0
1,0.235994779192,0
1,2.76745386928,0
1,-0.218479643253,0
1,3.05911990632,1
1,-1.14158483775,0
1,2.19925221002,0
1,1.28746433907,1
1,0.346918721029,0
1,0.507187161867,1
1,-0.180169286107,1
1,0.940691567563,1
1,1.62703046837,0
1,-0.031358566633,0
1,-0.510316046646,0
1,0.738212949096,0
1,0.0353750173703,0
1,1.98704049956,1
1,-0.0725793475671,1
1,0.781299071437,0
1,0.0321444617263,0
1,-0.747282901969,1
1,-0.568239126777,0
1,-0.263559710855,0
1,-0.528167871419,0
1,-0.950758230937,0
1,-0.191072838589,0
1,-0.522997784985,0
1,-1.25000690914,0
1,-0.564502302303,0
1,0.271468465632,1
1,0.68115889674,0
1,1.62704424551,0
1,1.97785772559,0
1,-1.66039830221,1
1,2.428482403,1
1,-1.73987724077,0
1,1.71303904404,1
1,-1.3463165472,0
1,2.87528770976,2
1,-0.160909242063,0
1,-0.545708031759,1
1,1.49348933508,0
1,1.14457451284,0
1,0.517302472713,1
1,0.758895327893,0
1,0.447481099867,1
1,0.504093458062,1
1,0.0752958279599,1
1,-0.478517600426,1
1,-0.577761603917,0
1,-0.501274539499,0
1,-1.21087215286,0
1,-1.5313062826,0
1,0.147433914417,0
1,-0.816451744411,0
1,1.76342813079,0
1,1.27331080227,1
1,-0.389573860294,1
1,-0.177109886687,0
1,0.48768861421,0
1,-1.28457094813,0
1,1.19518076133,0
1,-1.02861195996,0
1,-2.06904215261,0
1,-0.573621888849,1
1,-0.748128595361,0
1,0.260910851436,0
1,1.32851463989,0
1,-0.710887902584,1
1,0.0225951901133,0
1,0.612822673376,2
1,1.04470234714,0
1,1.10147573189,0
1,2.08492572064,1
1,1.42457736763,2
1,0.241001660018,1
1,0.214712628844,0
1,-0.508151614361,0
1,1.20491086834,0
1,-0.277806218007,0
1,0.327502871888,1
1,0.961323502912,0
1,-0.00870636903499,0
1,-0.516782274376,0
1,1.23114394433,1
1,-0.499759037408,1
1,0.773663149782,1
1,0.0964086924508,1
1,0.177045485506,0
1,1.77988857929,1
1,-0.661551962729,0
1,1.702546117,1
1,1.88561648356,1
1,-0.0419017851338,0
1,-0.716199622691,1
1,0.571005038484,1
1,1.41438680103,2
1,0.727922003179,0
1,-0.0960655444137,1
1,0.105634609958,0
1,-1.24268128864,0
1,0.697615793747,0
1,-0.896454255988,0
1,0.133520099648,0
1,0.260392404139,0
1,0.182954621504,0
1,0.0987819238739,0
1,0.868210716324,0
1,-0.582879690447,1
1,1.26402634416,1
1,0.703192461859,0
1,0.0231752265923,0
1,0.00509764095753,1
1,0.528270403979,0
1,-0.288464326872,0
1,0.795778969753,1
1,-0.230781287196,0
1,-0.756936227763,0
1,0.738001917724,2
1,0.0507242534376,0
1,-1.7286859566,0
1,0.72495689811,1
1,-1.49262994463,1
1,-2.11421158094,0
1,-0.414711126751,0
1,-0.628712005323,1
1,0.588245700366,0
1,-1.77395450709,0
1,-0.459253632557,1
1,0.684677204049,1
1,0.41484433958,1
1,0.383442699565,0
1,-0.291987522414,0
1,0.409857155936,0
1,2.48234712845,1
1,-0.213930604054,0
1,0.523046183409,0
1,-0.997976668767,0
1,1.9636030409,1
1,0.34871507342,2
1,0.314420804929,1
1,-2.05216879977,0
1,-0.0996242213852,0
1,-0.728326030229,1
1,0.555703576483,1
1,-0.181776342662,0
1,1.2680724981,0
1,0.0297225764968,1
1,-1.15357485475,0
1,0.822124769871,1
1,1.05150190957,0
1,0.165108114326,0
1,1.29899711754,1
1,0.663579617059,0
1,0.444349060794,0
1,0.740280172483,1
1,1.59382254254,1
1,-0.636051300067,0
1,0.841164417963,1
1,-0.663805872693,0
1,0.981179446128,1
1,-0.13924922286,0
1,1.17323907238,1
1,0.420570454349,0
1,-1.31962590877,0
1,-1.31470590655,0
1,-0.573662027548,0
1,-0.36343760881,1
1,1.10424546412,1
1,-0.842789930258,0
1,1.44769329115,0
1,0.0399250178708,0
1,0.757996116151,1
1,1.01753246701,1
1,-0.611496480118,1
1,0.498191328593,0
1,-1.14097246097,0
1,0.862297426223,0
1,0.921414890768,0
1,-0.516722295209,0
1,-0.146141471811,0
1,-1.43772507297,1
1,-0.608953383577,1
1,0.294340190926,1
1,-0.420276638345,1
1,0.346858848958,0
1,1.54728590929,0
1,1.26327553841,0
1,0.911844749931,0
1,0.396695358698,1
1,0.641135683258,0
1,-1.13863856658,1
1,1.8439598591,0
1,0.330328594067,0
1,-0.801069515698,0
1,-2.97316348452,0
1,-0.147511313351,1
1,-0.74999599822,0
1,0.958034457856,0
1,-0.0438666451465,0
1,2.58978032289,1
1,0.564643099135,0
1,-0.917184502603,0
1,0.399542093793,0
1,-0.198735274699,0
1,0.234929211711,0
1,0.292184638479,0
1,-0.640734607927,0
1,-1.00483933511,0
1,0.759893890922,0
1,1.46581423388,1
1,-0.85387186423,0
1,-0.805265478384,1
1,-1.52352403134,0
1,-0.0243563637832,2
1,0.152029631759,0
1,0.455684397825,1
1,0.308498841349,0
1,0.120276383658,0
1,1.90212075105,0
1,1.56948422349,1
1,-0.31940591781,1
1,-0.718817093597,1
1,-1.58493179655,0
1,1.98245737149,2
1,0.0270395877238,0
1,-0.152171578713,0
1,-0.410609858899,0
1,-1.51702036512,1
1,-2.63894966016,0
1,1.09319677852,0
1,0.761420303239,0
1,0.00393080347256,0
1,-0.994523868559,0
1,0.669961437492,1
1,0.260890599761,0
1,-1.16778689012,0
1,0.118597959922,1
1,-0.744762047642,1
1,0.353198650621,0
1,-0.592736881772,0
1,0.476403842929,0
1,-1.72192930211,0
1,-1.00483815633,0
1,-1.29320916646,0
1,3.51049773151,2
1,0.567661358476,0
1,-1.30299811702,0
1,-0.922987387455,1
1,0.0846853027568,1
1,0.850634959224,0
1,0.292587027617,0
1,0.868082631674,0
1,0.191279248838,1
1,0.0468529822713,0
1,0.0666392400925,0
1,0.202661071528,0
1,0.805771830084,1
1,1.81722383371,2
1,-0.783008885386,1
1,-0.269757318715,1
1,1.55256579036,0
1,0.500478065682,1
1,1.77887990837,1
1,1.30519501144,1
1,0.803277167684,1
1,0.531602936835,1
1,0.921877115725,0
1,-0.961352573391,0
1,1.3050544384,0
1,0.904282140625,0
1,0.284683985166,0
1,-0.0238393148013,0
1,-0.778330054438,1
1,0.269966204816,2
1,2.64098896383,0
1,2.54801491426,2
1,1.1251384,0
1,-1.17396128278,0
1,-0.0416518347931,1
1,1.17832002889,1
1,1.15563120585,1
1,0.784891633654,1
1,-0.211538781135,1
1,-0.37135091033,0
1,-0.634296960178,1
1,1.31494341581,0
1,-0.895081186922,0
1,0.362343832691,1
1,0.288275313407,0
1,-0.567550391013,0
1,0.264852776503,0
1,-0.360361635625,0
1,1.17182772622,1
1,1.15067229944,0
1,-0.738573264708,2
1,0.654895864807,1
1,-0.746302244498,0
1,-0.739348407523,0
1,0.201645781864,1
1,0.149792682108,1
1,-0.526690231127,0
1,1.37038935916,1
1,-1.47147743169,0
1,-0.643347613041,0
1,-0.481917776374,0
1,0.0655378244581,0
1,0.67903936394,0
1,-0.17049977934,0
1,0.180897326624,2
1,0.432326722789,0
1,1.03425989241,0
1,-0.0826874151651,0
1,-0.847986816339,0
1,-1.11626582837,0
1,-0.658713445586,0
1,0.935496665313,0
1,1.0272520164,0
1,0.231025565526,0
1,-2.54703232444,0
1,2.36972696986,2
1,-0.40345591916,0
1,-0.0719918702065,0
1,0.345151219084,0
1,0.304075449549,1
1,1.11712173482,1
1,-0.0433229867079,0
1,-0.545935499904,0
1,-0.547866367038,1
1,0.325846544945,0
1,-0.05095133127,0
1,-0.314157274052,0
1,-0.424206574054,0
1,-0.26896511611,1
1,0.639608615103,0
1,-0.78343362044,0
1,0.322978413615,0
1,-0.149695894285,0
1,-0.480110261194,0
1,-0.0476260277597,0
1,0.229236405315,0
1,0.302747399619,1
1,-1.06898836755,0
1,0.471252981672,0
1,-0.88048299328,0
1,-0.924381100943,0
1,-0.00974091622466,0
1,0.568979691982,0
1,0.366502497436,0
1,0.844604431906,0
1,2.4125014646,1
1,2.53161736452,1
1,1.88330123358,0
1,-0.968587175979,0
1,0.10833689685,0
1,-1.39594129609,0
1,-0.151990523515,0
1,-0.297664578954,0
1,0.27248709989,1
1,0.865292412544,1
1,0.140079080696,1
1,-1.21404992499,1
1,1.12421773292,1
1,0.387399668384,0
1,1.35691472348,0
1,0.882223920827,0
1,-1.30475284589,0
1,1.34853957024,0
1,-0.158316965676,0
1,0.251065739268,0
1,2.05493747144,1
1,-0.274379665199,2
1,1.11569040881,0
1,2.37719567252,0
1,-1.53405839308,0
1,-0.536362525235,0
1,3.0453624614,1
1,-0.377674595642,0
1,1.76560697222,1
1,1.26939947061,0
1,0.567505246088,1
1,0.772144865985,0
1,-0.165242488843,0
1,0.792135525073,0
1,1.13655252486,1
1,0.343084158208,0
1,-0.171434789302,0
1,-0.216688248273,0
1,1.4406795108,0
1,2.76879200025,0
1,1.5205670896,1
1,-0.169541290109,0
1,-0.439216511929,1
1,0.163998288617,1
1,0.588983816607,0
1,-0.783430535448,1
1,1.51550973282,1
1,0.750600302591,0
1,0.746755770766,0
1,0.910975692072,1
1,-1.44005099871,0
1,1.1867280371,0
1,-0.0529886087916,1
1,1.08772720567,1
1,1.27662334197,0
1,-0.733253252327,0
1,0.264568003622,0
1,0.996649860092,1
1,-0.392654290692,0
1,1.40945029217,1
1,1.02949804227,0
1,2.00069826694,0
1,-0.154348288249,0
1,2.53779044507,2
1,-0.827167760059,1
1,-0.817650915777,0
1,-0.936503234751,0
1,0.762493558859,1
1,0.570758718578,1
1,-1.15651968638,0
1,1.40334380759,0
1,-0.0914525359769,1
1,-2.36518379531,1
1,1.17780075242,2
1,-0.647839552377,1
1,-0.774389597364,0
1,-0.0539222532733,0
1,-0.3461803889,0
1,-0.151737073491,0
1,-0.467275474417,0
1,1.37352136402,0
1,2.45555077703,1
1,-0.0752502277112,1
1,0.66753430754,2
1,-0.168230039108,1
1,1.28690682688,1
1,0.641531521183,0
1,0.520924050167,0
1,1.24647377312,0
1,1.24163835863,0
1,0.863268599731,1
1,-0.812742707599,0
1,2.56696090113,1
1,2.28340360364,0
1,-0.181119235827,1
1,0.928611998593,0
1,0.435692679516,0
1,-0.158984597787,0
1,-1.6493274176,0
1,-1.45959649593,0
1,1.19631493126,1
1,0.690355329929,2
1,-0.176356449445,0
1,0.594476297612,0
1,1.16431852438,2
1,-0.409424882726,0
1,0.812793462032,0
1,0.190473252873,0
1,0.892460611603,0
1,0.940065232779,0
1,-1.88833833018,0
1,-1.08171151315,1
1,0.587953872757,0
1,0.418913545134,0
1,1.71224568686,0
1,0.378372368654,1
1,1.84509969694,1
1,1.81118754626,2
1,0.124847494643,0
1,-1.31088785285,0
1,-0.953366118175,1
1,-0.325077485753,0
1,0.177535916885,1
1,-0.0619177636036,0
1,2.07556214086,1
1,-0.192354702393,1
1,0.790058860739,1
1,0.703562199751,1
1,0.829662396747,1
1,0.507249875763,1
1,0.509563441267,1
1,-0.349568178883,0
1,1.36892823895,1
1,0.751697221285,1
1,1.14239526223,0
1,1.32845188381,0
1,-0.115029752995,0
1,-0.168585936148,0
1,-1.08076882852,0
1,-1.84116552078,0
1,-1.1214999138,0
1,0.623943145385,1
1,-1.30309987564,0
1,2.13500968596,1
1,0.259422429434,1
1,0.260399551301,0
1,-1.28575524155,0
1,-1.61562461938,0
1,1.02587996201,0
1,-0.245117839994,0
1,0.796718082461,1
1,-0.0490506539878,1
1,-0.467063428359,0
1,-0.682360272372,1
1,-0.72061938309,0
1,-0.0494404931713,0
1,-1.53516053437,0
1,1.02406284379,0
1,0.816027119589,1
1,-0.73874066164,0
1,1.20403915012,1
1,3.37985909894,0
1,0.63419755563,1
1,1.5254006847,1
1,-0.378442199048,0
1,0.334629052251,0
1,0.459997699525,0
1,-0.407678926398,0
1,0.503548683026,0
1,-0.0221555626089,0
1,0.0185780946601,0
1,-1.42528608729,0
1,2.04916224834,2
1,1.13225553485,1
1,-0.485440766859,0
1,0.126426009353,0
1,0.840259254673,1
1,-1.59623708868,0
1,-1.80881788597,0
1,-0.610905764985,0
1,0.344322008793,1
1,-0.358503910328,1
1,1.27439982442,0
1,-1.72349143619,0
1,1.33125343018,1
1,0.377297674663,0
1,0.738625441675,1
1,1.28733042184,1
1,-1.15159357198,0
1,1.89577777413,1
1,0.921986835147,1
1,0.0232584235713,1
1,0.248274170417,1
1,-0.113355055029,0
1,0.0520838626708,1
1,0.388691378315,1
1,0.0767349234798,1
1,2.39057211463,0
1,0.402348570306,1
1,-0.548665142207,0
1,0.495934666303,0
1,-0.44511528866,0
1,2.62384271494,1
1,0.437252427165,0
1,0.877095781901,1
1,0.383517124607,0
1,1.0832834599,2
1,1.72015799234,2
1,0.719328387666,0
1,-1.88155606532,0
1,0.192908549088,0
1,-1.60449865373,0
1,0.0374055187229,0
1,-1.8291125906,0
1,0.187918765634,0
1,0.877981950367,0
1,0.711818477619,1
1,-0.954029880039,0
1,-0.276384118537,0
1,1.1186129391,1
1,-0.196013276464,1
1,-0.911029089847,0
1,1.31814969124,1
1,2.91045966598,0
1,1.44195798278,0
1,0.434160979438,2
1,0.70985161796,1
1,2.73386450791,0
1,-0.547209288357,0
1,2.00364156265,2
1,0.457326994204,0
1,1.33644639938,1
1,0.813090379704,2
1,0.869842433769,0
1,1.51741409631,1
1,0.827509588083,0
1,0.676341966867,0
1,-0.0298917160546,0
1,1.59547686576,0
1,0.474062345761,1
1,-0.314120816218,0
1,-0.711548672606,1
1,-1.16087933812,0
1,0.920267240376,1
1,1.99630364782,0
1,-0.252476207173,0
1,1.46214188631,1
1,-1.39286701935,0
1,-0.735317947369,0
1,-0.569936680883,0
1,2.82222885639,0
1,0.0575386155203,1
1,-0.0476172045692,0
1,0.376593633191,0
1,2.04832334713,1
1,1.82967288254,1
1,0.849727300799,0
1,-0.636869397103,1
1,-0.558616313618,1
1,3.21702700523,1
1,-0.114054990229,0
1,-0.182458568172,1
1,-1.2601610328,1
1,-0.840908536088,1
1,-0.674200483391,0
1,1.07023262997,0
1,0.877866224271,1
1,-0.942889911852,0
1,1.87795425434,1
1,-0.411829995239,0
1,1.33954865176,1
1,-0.172376123784,0
1,3.48061759893,0
1,-0.635774190796,0
1,-0.244358975662,1
1,-0.667547501535,0
1,0.218002403601,1
1,-0.898921935503,0
1,-0.153917392051,0
1,0.177789712141,0
1,-1.75671085631,0
1,-1.19885503111,0
1,-0.468418905533,0
1,0.487741792711,1
1,-2.35656640651,0
1,-0.609961068879,0
1,1.25981745061,2
1,-0.630432751874,0
1,-0.481923611472,1
1,1.24567436977,2
1,0.45795700074,0
1,0.255779981515,0
1,2.55669904731,0
1,-2.01288763107,0
1,0.917941937567,0
1,1.47709453557,0
1,-1.37116315825,0
1,0.659728068384,0
1,-1.24775742813,0
1,0.296940901034,0
1,0.487844965943,0
1,0.393901110977,0
1,0.710775910051,0
1,0.516802407731,0
1,2.39870664131,1
1,-0.422152863654,0
1,-0.0413321627999,1
1,1.20603560599,0
1,-0.496065899532,1
1,-0.283053031839,0
1,0.20760602171,1
1,-0.353354720892,0
1,-1.66783298435,0
1,-0.663578672193,0
1,0.243589604017,0
1,0.592267051904,1
1,-0.407332197355,0
1,-0.314439325202,0
1,0.0185800043351,0
1,1.91613411715,1
1,0.452971538976,2
1,-0.966180283477,1
1,1.02789039548,0
1,-1.48302943829,0
1,0.208008400824,1
1,1.70624176399,1
1,0.32212467716,0
1,-0.387845232506,0
1,0.273537943344,0
1,-0.298770333856,1
1,0.923998834898,0
1,0.212991825889,1
1,-0.817808158902,0
1,1.78376085994,1
1,-1.72862714018,1
1,0.69895583039,0
1,-0.0349991676497,0
1,1.07413741963,0
1,0.0314310220611,0
1,0.812368079788,0
1,0.644019412385,0
1,-0.820863819653,1
1,1.32755255037,0
1,1.18977404313,0
1,-0.10954650439,0
1,-0.415527432642,0
1,-0.452184919849,1
1,-1.76294985116,0
1,-1.84381916284,0
1,0.100871561508,0
1,0.496657993916,0
1,0.210289741671,0
1,1.63205502729,0
1,-0.538156510706,0
1,-1.30397537375,0
1,0.738215511325,0
1,0.668967786638,1
1,1.01786693867,1
1,0.383172327761,0
1,-0.76564072489,0
1,2.15617989709,1
1,-0.219456854533,1
1,2.67545530242,1
1,0.628519377651,0
1,-0.212881108141,0
1,0.82817070183,0
1,0.943975929614,0
1,0.566325353139,1
1,0.121640616978,1
1,-0.486173764515,0
1,-0.631976999,1
1,0.326265739025,0
1,-0.393518259204,0
1,0.0942728809666,1
1,1.05252373579,1
1,0.613212530841,1
1,-0.869893731499,1
1,-0.317148785585,0
1,-0.62611639798,0
1,0.171114968238,1
1,1.20747499614,1
1,0.271474784038,1
1,1.29361763774,0
1,-0.0724201687068,0
1,1.31279318536,1
1,1.60330343055,2
1,0.206807011588,1
1,2.31926125744,1
1,-0.234812895409,0
1,-0.0344350327355,0
1,0.647382400611,0
1,1.06236820961,0
1,-0.574241796434,1
1,-0.545636375881,0
1,-1.24822122088,0
1,0.636565797735,0
1,0.648021206869,0
1,-1.07351885945,0
1,-0.225316553272,1
1,-0.185177935615,0
1,-0.943361247065,1
1,-0.0449894337878,0
1,0.480914851249,1
1,-0.58502155923,0
1,-0.266712076663,0
1,1.20863742893,1
1,0.0413439602971,1
1,-0.633695824822,0
1,-1.10218377187,1
1,-0.152967676059,0
1,0.336820823277,1
1,-0.874160604715,1
1,0.260484551109,0
1,0.630229176001,0
1,-0.355773788162,0
1,0.707235033311,2
1,0.980718267803,1
1,-0.802488677142,0
1,1.52159689715,2
1,-1.16305382352,0
1,1.14547421865,0
1,0.94267078007,0
1,0.910224878914,1
1,1.86783628073,0
1,0.673001400646,0
1,-0.215735999845,0
1,0.00583240710888,0
1,0.397672355874,1
1,1.8268879625,1
1,0.767859775541,0
1,0.748893422899,0
1,-0.829561747398,0
1,0.445031055609,0
1,0.523355137245,1
1,-0.66441036919,0
1,0.544908095548,1
1,0.0976940409147,0
1,0.433969448767,0
1,1.24054247127,1
1,-1.5683365789,0
1,-0.202088920339,0
1,0.256244836924,0
1,1.46893538548,0
1,2.30955004846,1
1,0.865267506471,1
1,-1.32917601087,0
1,-1.06373842958,0
1,1.2987775662,2
1,0.739558437883,1
1,-0.21419357111,0
1,1.51384824322,0
1,0.727348013505,1
1,-0.506213102186,0
1,-1.00648625664,0
1,0.369314708233,0
1,-0.216860537412,1
1,0.384803812951,0
1,-1.11636684618,1
1,0.300596326522,1
1,-0.299101165271,0
1,-0.851899133659,0
1,-0.618591527467,0
1,0.580077333981,1
1,0.632788264733,2
1,-0.598438956272,0
1,1.19896389982,0
1,0.445653811931,1
1,-0.720092802181,0
1,1.18630253618,1
1,1.10248050852,2
1,0.43985996647,0
1,0.0132123225953,2
1,-0.789510356056,0
1,1.95652110543,0
1,1.32775749998,0
1,-0.481152897243,1
1,0.396754966203,1
1,0.989754867006,0
1,0.548008157107,1
1,-2.03818729146,0
1,0.11583397037,0
1,0.287241400476,0
1,-1.01666666194,0
1,1.35008537207,0
1,0.436497750684,0
1,0.785679430426,1
1,0.195812511697,0
1,0.64695798384,1
1,-0.797416118671,0
1,0.744130680478,0
1,0.629035408307,0
1,-2.38089488001,0
1,0.823099123876,2
1,0.6884196737,1
1,1.43183784927,1
1,0.733887267271,1
1,-0.511848784573,0
1,-1.16261942595,0
1,1.09199421975,1
1,0.921109102254,0
1,0.341573510593,0
1,-1.29505592791,0
1,2.21798974088,1
1,0.533979979461,1
1,1.23595315841,0
1,-0.174833809419,1
1,0.137559472452,0
1,0.402268038707,0
1,1.98018999622,0
1,2.78403463514,1
1,2.16527467034,1
1,-0.351141607021,0
1,0.543489830667,0
1,-0.685217845617,0
1,-0.849294441289,0
1,0.132990286884,0
1,0.308529258821,1
1,-0.821065744841,0
1,0.950332872338,0
1,-0.795226733035,0
1,0.229918809807,0
1,2.22561689093,0
1,1.02084873692,0
1,-0.597254084467,0
1,-0.378240257936,0
1,-0.135721436403,1
1,1.2038849475,0
1,-0.561896371852,1
1,0.796717564744,1
1,0.435451526929,0
1,0.483008196956,0
1,0.786087734905,1
1,-0.0176881951892,0
1,-0.905220596431,0
1,-1.16086808597,0
1,-0.707313154556,0
1,0.749658220817,1
1,0.0986624388697,0
1,0.227191629422,1
1,0.929092051089,1
1,0.939746588493,1
1,1.52920655869,1
1,-0.0952165323743,0
1,0.377117440126,1
1,2.77061067419,2
1,-0.43485474723,0
1,2.4618829477,1
1,-0.230265832146,0
1,-0.963124738399,0
1,-1.21197409814,0
1,0.539231805154,0
1,-0.316159352014,0
1,-0.362045387515,0
1,0.785488281833,0
1,0.218018754325,1
1,-0.26785461422,1
1,-1.16279401175,0
1,0.315441090375,1
1,1.29398497565,0
1,-0.222945575754,0
1,2.60134948543,1
1,2.57608746584,1
1,-0.306561335764,0
1,-0.79726194031,0
1,0.0948753829115,0
1,0.524648018467,0
1,1.11980756554,1
1,0.482172089345,0
1,0.214153873481,0
1,0.77658735003,1
1,-0.584633674577,1
1,-0.662317944116,0
1,-0.860047445431,0
1,0.804258961164,0
1,1.76281947161,1
1,-0.967101271041,0
1,-0.150133455236,0
1,-0.660938260651,0
1,2.04359088936,1
1,-1.55195577987,1
1,0.141899295738,1
1,-1.35032069267,0
1,-0.771148157981,1
1,-0.376270592089,0
1,-0.541103988328,1
1,-0.797413638006,1
1,-0.444089244591,1
1,0.963258235611,1
1,1.93819641864,1
1,-0.9053064471,1
1,0.622994724103,0
1,-0.448116860477,0
1,-0.000422526677143,0
1,-0.361790846048,1
1,-0.0176220089753,0
1,1.29737875127,1
1,-0.352225717313,0
1,-0.145375520419,0
1,0.360354737055,0
1,0.116925239649,1
1,-0.580298002634,1
1,0.214732265557,0
1,-0.642044164176,0
1,0.196152857709,0
1,-0.669350112342,0
1,0.167120364457,1
1,-0.149146961161,1
1,0.31091755643,0
1,-1.05483913272,0
1,-0.149813380266,0
1,0.0488261232202,1
1,0.386237001342,0
1,0.865651981745,1
1,-0.0923564772573,2
1,0.847335391338,1
1,-0.544487434007,1
1,1.18682097365,2
1,0.634274384262,0
1,0.441397089239,1
1,0.338998296653,0
1,-2.23919068166,0
1,-0.82315040516,0
1,-2.26392107028,0
1,0.0932560077171,0
1,-1.69130140302,0
1,1.25332054381,0
1,2.10965159439,1
1,-0.833204857831,0
1,-0.361633510749,2
1,2.3499052363,0
1,-0.996291987295,0
1,0.22777224663,0
1,-0.83627686422,0
1,0.61495291379,1
1,0.776290619559,0
1,0.334983838136,1
1,-0.112257089535,0
1,0.573608960627,1
1,-0.0287276229931,1
1,-0.585083520902,0
1,0.757605748482,0
1,-0.823272944632,1
1,-0.460543546527,0
1,0.102321788732,0
1,0.16800787878,1
1,2.26315153634,0
1,0.0474571966792,0
1,0.119447626138,0
1,-1.40142861269,1
1,-1.59776343312,0
1,-0.854981792741,0
1,0.354111914583,0
1,1.02029803177,1
1,0.68379847421,0
1,0.0659464828893,0
1,-0.768562289945,0
1,-0.168315798262,1
1,0.834475957097,0
1,-0.768831712389,0
1,0.378700215108,0
1,-1.56988471862,0
1,0.0816717031523,0
1,-0.974660743775,1
1,-0.424502138477,0
1,0.451420009501,1
1,2.22069057878,1
1,1.08304290239,1
1,0.484351079424,0
1,-0.700767822335,0
1,0.489653762047,1
1,-0.410220497911,1
1,0.414369514386,0
1,-1.38795432349,0
1,-1.03163673466,0
1,1.0616236726,0
1,0.385818897725,2
1,2.70952970761,1
1,-1.30000489348,0
1,0.238130762042,1
1,1.6176504855,0
1,-0.164036788973,0
1,-0.145353988291,0
1,1.29389792904,1
1,-1.53764060584,0
1,-1.27542658677,0
1,-2.39383384333,0
1,-0.240930756338,0
1,0.201324501548,0
1,0.0925907152691,0
1,-0.7405583079,0
1,0.213653877443,0
0,0.174181338944,0
0,1.63982857345,0
0,0.228479314127,0
0,-1.37339052481,0
0,0.330611975509,2
0,0.340654355926,0
0,0.0397603628527,0
0,-1.44804808607,0
0,1.05329339419,0
0,-0.423255559625,0
0,-0.424072000982,0
0,2.18901766482,1
0,0.41352845172,1
0,0.974923665555,0
0,0.471175571741,0
0,-1.0637945225,1
0,1.34195758444,1
0,0.0985226409429,0
0,0.788715242704,1
0,-0.0517831889828,0
0,0.956442655505,1
0,-0.869246765328,1
0,-0.567925515407,0
0,-1.00874759891,0
0,1.39688150692,1
0,-1.9913118212,0
0,-1.33107704647,1
0,0.0207196892304,1
0,0.0372971088034,0
0,-0.298560379034,1
0,-1.0719876744,0
0,-3.07498824445,0
0,1.10046298662,0
0,-0.152176885958,0
0,1.40427595802,0
0,-0.123544565831,0
0,-1.31491892941,0
0,1.41748340603,0
0,-1.84893414235,0
0,-0.716526077767,0
0,-0.154196239899,0
0,-0.418993300162,0
0,-0.136280656447,0
0,-0.627215676842,0
0,-1.86800282237,0
0,-0.0572801874506,1
0,2.91837095156,2
0,-1.44379676117,0
0,0.454904530725,1
0,0.441528241479,2
0,-1.14453599695,0
0,-0.278667166112,0
0,-0.280072515027,0
0,2.18720440454,1
0,0.12519172696,0
0,-1.19761549085,0
0,1.02631007167,2
0,0.748662852299,1
0,-1.32563901007,1
0,-0.0434151603179,2
0,1.03728046932,1
0,0.125196687316,2
0,-0.237208042535,0
0,-0.335578019345,1
0,-0.776357683433,0
0,0.672065143542,0
0,-0.76479941112,0
0,-1.43609409289,0
0,1.88211199216,1
0,-0.222181628365,1
0,-1.9095239886,0
0,0.0724286217436,0
0,-0.209205684222,1
0,-0.496086360857,0
0,0.723596300739,0
0,-0.421178746801,0
0,-0.29442316969,0
0,-0.654455241273,0
0,-0.933091744446,0
0,-1.59648027513,0
0,-1.37590508295,0
0,-1.29730403005,0
0,-1.12644346084,1
0,-2.95858148084,0
0,0.560953871913,1
0,-0.319586385386,0
0,-1.57840217304,0
0,1.12151145479,0
0,-1.00873920712,1
0,-0.819208450928,0
0,0.926967430904,0
0,-0.971249062956,0
0,0.188893263644,1
0,-0.258990970382,0
0,-0.876247846342,1
0,-1.4791770447,0
0,0.992664859453,1
0,-0.123578383002,0
0,-0.45374098841,1
0,0.443297637912,0
0,0.0558446237041,0
0,-1.01894226462,0
0,0.651140391031,1
0,-0.566492990229,0
0,-0.519800237161,0
0,0.527364980644,1
0,-1.5743480987,0
0,-1.12303736554,0
0,2.16159206587,0
0,-1.04176037468,0
0,-0.79406014155,0
0,0.257916748334,0
0,1.38899577392,0
0,1.30468719916,1
0,-0.307603955093,1
0,0.519439663354,1
0,0.0447513114852,1
0,-0.545445433632,1
0,0.422131740024,1
0,1.63201635284,1
0,0.622293474113,1
0,0.323410013984,0
0,-0.140071519094,0
0,-0.677167138384,0
0,0.992431888673,1
0,0.147463879875,0
0,-0.121881139775,0
0,-0.220187564002,0
0,-0.288086533157,0
0,-0.590457952882,0
0,-1.94207501552,1
0,-0.742392559867,0
0,0.325138260725,0
0,0.230199826157,0
0,-1.25978306966,0
0,-1.2333409049,0
0,0.378244581539,0
0,-0.365960031427,1
0,0.0979881600552,1
0,0.356703640826,0
0,1.45033889644,0
0,0.178843139502,0
0,-1.44653127366,0
0,0.445511506483,1
0,0.40360075439,1
0,-1.49596008064,0
0,0.0678101556679,1
0,-2.52204969792,0
0,-1.78985845748,0
0,-0.880360546879,1
0,-0.0797346645349,0
0,-1.02386928768,0
0,0.230461642146,0
0,0.113904930023,0
0,-1.36343081806,1
0,-0.773641747858,1
0,-1.18492492408,0
0,-1.57973439778,0
0,-1.7370664,0
0,-0.664548771196,0
0,1.5199339866,1
0,0.755146515122,0
0,-0.763791527803,0
0,2.66314910237,2
0,-0.979072721069,1
0,0.537719741303,0
0,0.460651616939,1
0,1.52000520764,1
0,-0.995347671802,1
0,0.898419852969,0
0,0.7086684446,1
0,-2.11130911201,0
0,-0.533466437253,0
0,-0.308700562192,0
0,-2.47330853997,0
0,-0.0869107461067,1
0,-1.16045497909,0
0,-0.887436321334,0
0,0.497411459038,0
0,-0.97185974799,0
0,0.139539722738,0
0,1.05231672775,0
0,1.21071872646,0
0,1.06054845124,1
0,-0.957977846493,0
0,0.458405558721,0
0,1.78212311136,1
0,0.0377263087538,0
0,1.11308158246,0
0,2.71486590979,1
0,-0.301329125489,0
0,0.823719135041,1
0,-0.323083488788,0
0,0.882766766516,1
0,0.900548885617,1
0,0.352051012688,0
0,-0.0242884267004,0
0,-0.34028348903,0
0,1.79674076778,0
0,-1.92153312581,0
0,-0.0336389245873,0
0,0.893021847813,0
0,0.834996644393,0
0,0.725798510624,0
0,0.302482785409,0
0,-0.861240804785,0
0,-0.231024435895,0
0,0.328474532907,1
0,-0.980574601258,0
0,-0.0600322085607,0
0,-0.36988157375,1
0,0.355080302348,0
0,-0.560169026732,0
0,-1.53470346742,1
0,-0.21366598848,0
0,0.0694682945391,0
0,-0.260220262222,0
0,-2.01584208618,0
0,-0.648164657637,1
0,0.855028739639,1
0,0.0620113355972,0
0,-0.861458411092,1
0,-0.559954743133,1
0,0.165704065901,0
0,0.969126897955,0
0,0.477230617628,0
0,1.27582238217,0
0,-2.15142944836,0
0,0.705049565785,0
0,-1.1947675026,0
0,-0.420257707481,0
0,-1.36272120597,0
0,-0.827272206599,1
0,-1.07384290965,0
0,-0.269742912743,0
0,-0.250471105031,0
0,-0.119282346958,2
0,-0.710701432354,0
0,0.389678574284,2
0,-0.910001249502,0
0,-0.749093228286,1
0,0.188794613953,1
0,1.33278306767,1
0,1.03152980108,0
0,-0.197974869442,0
0,0.8812857078,1
0,-2.46101760292,0
0,-0.521622253016,0
0,-0.574300485529,0
0,0.643259939546,0
0,0.315793762838,0
0,1.31547131193,2
0,0.662847982093,1
0,-0.259448339325,0
0,2.3306942188,2
0,-1.36634290963,0
0,0.0897402320578,0
0,0.842511233563,1
0,1.06829043389,2
0,-1.64074046783,0
0,0.70406872997,0
0,-0.452162089822,0
0,1.03216099701,1
0,-1.18119663434,0
0,0.828468054779,0
0,-1.3119909406,0
0,-0.252861336353,1
0,-1.62817295078,0
0,-1.11218521515,0
0,0.753455329687,1
0,-1.15901201967,0
0,0.459547878451,1
0,-0.0422297795644,1
0,-0.70937686764,0
0,-0.720431565818,0
0,-1.71970294203,0
0,-0.0655191885707,1
0,-0.428562255607,0
0,-0.871344054618,0
0,-0.937001066035,1
0,-0.184734494771,1
0,0.566104050623,0
0,1.52571842728,1
0,0.207804220739,1
0,-1.55498226869,0
0,-0.311795529405,0
0,1.74767717178,1
0,1.8054690937,2
0,1.6412851538,1
0,-0.710467521376,1
0,-0.785366553011,1
0,-0.81649001899,0
0,-1.42903874666,1
0,0.241725914788,0
0,-3.09374967846,0
0,0.813188414371,0
0,0.45738203394,0
0,1.02515913198,1
0,-0.658703897566,1
0,-1.28441734109,0
0,-2.49817798325,0
0,1.64713233001,1
0,-2.12654343334,0
0,-1.12613113148,0
0,-0.486149398911,0
0,-1.64676278395,0
0,0.923349813177,1
0,-0.327574100004,0
0,-1.02705037971,0
0,-0.114623134347,1
0,0.0269018611359,0
0,-0.59894520877,0
0,-0.219447369626,0
0,0.156836072259,0
0,-0.234925495248,0
0,-0.187189872345,0
0,-0.726015518878,0
0,0.432949183522,1
0,-1.96080636346,0
0,-0.191726297402,1
0,1.10796559618,1
0,-0.579657684409,0
0,0.816795111811,0
0,-1.56973030756,0
0,2.18764029811,0
0,-1.25251867716,0
0,-2.38518209379,0
0,2.9884742147,1
0,-0.611636217644,0
0,-0.6765610808,0
0,-0.671146423462,0
0,-0.0159627480704,1
0,0.239410077807,0
0,-0.27157353917,1
0,0.551195928343,1
0,-1.48428345044,0
0,2.52274090703,1
0,-2.60918500582,0
0,1.70921202959,0
0,0.554389671139,0
0,0.91599024895,1
0,-1.84865054962,0
0,1.4416234895,0
0,-0.157313319458,0
0,1.16296143044,1
0,1.06673125143,0
0,1.29313618491,1
0,-1.04895751435,0
0,-1.29425544068,0
0,-1.51306963603,0
0,-1.53905374105,1
0,1.2112654599,0
0,0.0622742700493,0
0,-0.441353349869,1
0,-0.108067322618,0
0,1.77701597852,1
0,-0.0430291430834,0
0,-0.745107263559,2
0,0.600973514336,0
0,1.48861639664,2
0,-0.182052187929,0
0,1.13167417517,2
0,1.04589855809,0
0,-0.242319563572,0
0,0.472742239497,0
0,-0.150873978429,0
0,1.44140998845,2
0,0.852652189807,0
0,0.676596688569,0
0,-0.0103388432373,1
0,1.10171065865,0
0,-1.05551743005,0
0,-1.69401213521,0
0,1.31089854798,0
0,-0.0422863426377,0
0,0.241424913913,1
0,-0.50109715357,0
0,-1.95263351654,0
0,-1.29433668306,0
0,0.932750050629,1
0,0.533293199964,1
0,-1.15027184181,1
0,0.750866995611,0
0,-0.187025168889,0
0,0.128726120687,0
0,-0.89705940158,0
0,-1.51421443601,0
0,-0.610470460217,1
0,-0.146348704248,0
0,-0.814774304494,0
0,-0.138994103382,2
0,1.31538341331,1
0,-0.37682558253,0
0,0.158093280165,0
0,2.15658638404,1
0,1.63719053298,1
0,1.02576826926,0
0,-0.189131251114,0
0,-0.155954880336,1
0,0.990965915347,0
0,-2.27753575868,0
0,-0.350338381535,0
0,-0.384312685868,0
0,-0.261067213786,0
0,1.544555946,1
0,0.902486128707,1
0,-0.347979353878,1
0,-0.0260754436411,0
0,0.256484642415,0
0,-0.16173431224,1
0,-0.383536372074,0
0,-0.498176452667,1
0,-0.0873598797768,0
0,0.493475341288,0
0,-0.970407153689,0
0,0.592331113779,1
0,0.526040488211,0
0,1.39443509601,0
0,-0.853197145794,1
0,-0.722109589855,1
0,-1.12374998896,0
0,0.708210615674,0
0,-2.38507214528,0
0,-0.012363345809,0
0,-0.274823177403,0
0,1.0399941049,0
0,0.134452103005,0
0,-0.988084092783,0
0,0.609296791085,0
0,-1.14748931898,1
0,0.334191012031,0
0,-0.851210757258,2
0,0.293945596474,0
0,-0.634228424855,0
0,1.92004345075,0
0,-0.527819629523,0
0,0.462804008238,1
0,-0.106738272922,0
0,-1.76852122943,0
0,-0.541591266258,0
0,-0.165779576283,0
0,0.00718294291726,0
0,-0.743535611762,0
0,0.179990464487,1
0,-0.860380276974,1
0,-0.991410913391,0
0,-2.37552147487,0
0,-1.20203974435,0
0,0.341041258628,1
0,0.521887524329,0
0,0.401366246188,0
0,0.720396585167,1
0,-1.11406646223,1
0,-1.86216201189,0
0,1.00248634573,2
0,0.493109554559,0
0,-1.37950918343,0
0,0.637252048036,1
0,-1.42783366503,0
0,-0.148241229356,0
0,0.244720164435,0
0,-1.50977326536,0
0,0.229636581282,1
0,1.69934695784,0
0,0.138346085682,0
0,0.0170948569891,0
0,0.288683008949,1
0,0.186049889128,0
0,0.916149189108,1
0,0.0365160843801,0
0,0.751965988006,0
0,-1.25261180127,0
0,-0.395182066509,1
0,-1.61965620991,0
0,1.31609284238,1
0,0.269190326844,2
0,-2.75972510948,0
0,-0.295846699986,1
0,-2.36349810395,0
0,0.652895058276,0
0,-0.043835610638,1
0,-1.19920986435,1
0,-0.830117001062,0
0,1.71755570814,0
0,0.779843063726,0
0,0.727340113475,1
0,-1.74803406245,0
0,-0.901449108487,0
0,-0.241839359587,1
0,-0.841830195227,0
0,-0.428490680017,1
0,-1.16797752649,0
0,1.00538485724,1
0,0.54272386345,0
0,0.502667281678,1
0,-2.69791975195,0
0,0.817025018178,1
0,0.90918169124,0
0,1.25573887533,0
0,0.235432157742,2
0,-0.0159824333789,0
0,-1.06526000162,0
0,-1.1640598109,0
0,-0.586477822842,0
0,-0.0937341909545,0
0,0.035204114039,0
0,0.604647252193,1
0,1.19283415733,2
0,-0.252304377979,0
0,-2.01425196728,0
0,-0.348797551483,1
0,1.31616274958,0
0,-0.342650949312,0
0,0.822953070146,1
0,1.20505893785,1
0,0.0987880609602,0
0,0.589200600465,0
0,-0.363764221178,0
0,-1.00824093582,0
0,-0.671108953901,0
0,-0.667522864235,0
0,-0.734364711337,0
0,-0.00379120960705,0
0,-1.59898182209,0
0,-0.957950295451,1
0,1.44040299359,1
0,0.0447192481494,2
0,0.0205479051324,1
0,-1.43807190337,0
0,-1.47913745488,0
0,0.721169744811,1
0,-0.0548313315169,1
0,-1.78079355745,0
0,-0.885982124414,0
0,-1.39300751778,1
0,-0.996237202361,0
0,0.414210917153,0
0,0.22458347256,1
0,-0.358665303233,0
0,0.245273426218,1
0,-0.945793282403,0
0,-0.696911860687,1
0,0.107510093072,0
0,-0.681044161111,0
0,-2.47839599611,1
0,0.690969334905,2
0,-0.0437075987121,0
0,-1.44028640749,0
0,1.0409136993,1
0,1.57422903378,1
0,-0.655235321178,1
0,0.886844639472,0
0,-2.39447497683,1
0,1.31866682222,1
0,-0.14363945789,0
0,-0.90259067263,0
0,0.558407457031,0
0,-2.90290591481,0
0,-0.0647201054093,0
0,-0.793432916829,1
0,-1.24564583803,0
0,-0.44187321392,0
0,0.480104157296,1
0,1.84135024063,0
0,1.07242542546,1
0,0.278506113663,0
0,1.44775772636,0
0,0.116592236858,1
0,0.273623259707,0
0,-1.00537535776,0
0,0.627279115933,0
0,1.40263411311,1
0,1.1548900493,0
0,0.320397900294,0
0,0.621713150561,0
0,-0.29805218571,0
0,-0.222208156762,1
0,-0.341034566001,1
0,0.365475438601,0
0,-0.857434430304,0
0,0.0351095812238,0
0,0.528519216741,0
0,-0.525664386042,1
0,0.111654490257,0
0,0.779841394947,1
0,1.07349181741,0
0,-0.719797988226,0
0,-2.19671108959,0
0,0.15490612665,1
0,-0.692982141936,0
0,-0.149289079374,0
0,1.23366684112,1
0,-0.696945122085,0
0,-0.562340815297,0
0,-0.12393635333,0
0,2.56077023936,1
0,1.17861932701,1
0,0.265019828558,0
0,0.383766677113,0
0,-0.659819889518,0
0,0.295907967845,1
0,-0.571861448447,0
0,0.126739666423,1
0,0.767845122204,1
0,-0.545308929175,0
0,0.0854100326425,1
0,0.409048505154,0
0,0.254891890084,2
0,0.562880013585,0
0,-2.57533661085,0
0,0.676660711625,0
0,-0.760072016243,0
0,-1.1551718184,0
0,-0.442617747871,1
0,0.37223069173,0
0,-1.71255800037,0
0,-0.792581657501,0
0,-1.53673464335,1
0,-0.72817242098,0
0,-2.38726108511,0
0,-1.04890951104,1
0,-0.418782692103,1
0,-1.4274246701,0
0,0.269363054644,0
0,1.65515546884,0
0,-0.637635651081,0
0,1.32559277468,2
0,0.673943517658,1
0,-0.413688708512,1
0,0.0566204152097,0
0,0.656745556197,0
0,-0.451070288551,1
0,-0.731762826569,0
0,-0.420299441022,0
0,0.782854232063,0
0,0.859856758212,1
0,0.706271252093,0
0,1.15905761401,1
0,-0.170310607369,1
0,-0.164865370227,0
0,-1.13070080207,1
0,-0.131733415024,0
0,-0.418977586182,1
0,0.629441236667,0
0,0.00744090848238,1
0,-0.912274715487,0
0,0.398752797749,1
0,0.120433793594,0
0,1.2217698643,0
0,1.82036975777,1
0,-1.79658770027,0
0,-1.04623136668,0
0,-1.38012145502,0
0,-0.346619257641,0
0,-1.81715001523,0
0,1.06890439494,0
0,0.352963286984,0
0,-0.848484523673,0
0,-0.868991199961,1
0,0.673127182631,0
0,-2.53528118252,0
0,0.54002800193,1
0,0.607627860275,1
0,0.950636502492,0
0,-1.11023506679,0
0,1.03317063628,0
0,0.0377606466272,1
0,0.894826509795,0
0,-1.19197833511,0
0,-0.297497926824,0
0,-2.6703767502,0
0,-0.0903164452501,1
0,0.532059907896,1
0,0.144033367924,0
0,-0.00872365507905,2
0,-2.14717831252,0
0,0.430599395907,1
0,0.0585307609626,1
0,-1.33849316075,0
0,1.02158187365,0
0,0.733666008876,1
0,-0.695751713053,0
0,-0.0620542451972,1
0,0.46391499803,0
0,1.43844902359,1
0,0.0336658828719,0
0,0.389925568976,1
0,-1.41332225243,0
0,0.282889679305,1
0,-0.564568646654,0
0,-0.0141841006639,0
0,0.711259594657,1
0,-1.24696822688,0
0,1.78848139577,0
0,-1.44382343069,0
0,-1.46139389941,0
0,0.387814160641,2
0,-0.583465694586,1
0,-0.916783320401,0
0,-0.448870237219,1
0,-0.0340165938218,0
0,-2.71617367157,1
0,-0.561844888186,0
0,-2.26261953649,0
0,-0.933219627318,0
0,-0.55719936997,1
0,-1.19343079552,0
0,0.0374152226826,1
0,2.35759600502,2
0,-0.289286187582,0
0,-1.21335734474,1
0,-1.05834164089,0
0,-2.72698333264,0
0,-1.53647383016,0
0,-0.159835416307,0
0,0.100865562173,1
0,-0.56119964362,0
0,-2.48592614982,0
0,-0.72600370539,0
0,0.159829064109,0
0,-1.07588903022,0
0,-0.727907306921,1
0,0.6019778601,0
0,-2.13130182565,0
0,0.726614201741,1
0,-0.984502830048,0
0,-0.303916188563,0
0,0.0726719988093,1
0,-0.86709641392,0
0,0.393361404764,1
0,-0.905516132812,0
0,0.647417797474,0
0,-2.39064677928,0
0,0.688552526305,2
0,0.451356733112,0
0,-1.54812611754,0
0,-1.20897567152,1
0,-1.26876486225,0
0,-1.48858070361,0
0,-0.00373827452906,1
0,1.15810076216,0
0,0.177830604217,0
0,0.270648386884,0
0,-0.471421289846,1
0,-0.294079302845,0
0,-1.98185307416,0
0,-0.115599770967,0
0,-3.32164105589,0
0,0.73056328679,1
0,-0.112551486581,0
0,-0.713189159798,0
0,1.21815298761,0
0,-0.251009015056,0
0,-2.55736009596,0
0,0.680132321099,2
0,-1.08268780357,0
0,0.864117907658,0
0,0.096846502339,1
0,-0.56771914586,0
0,0.511005835454,1
0,-0.696383378399,0
0,-1.26179722261,0
0,0.517390724658,0
0,-0.859063733586,0
0,-1.24678729572,1
0,-0.895724963722,0
0,2.29700598087,0
0,-1.57369762521,1
0,-0.913256781048,1
0,0.13295918735,0
0,1.88051016298,2
0,0.957086781657,0
0,-2.43120168003,0
0,-0.294681151032,0
0,-0.0251075863788,0
0,0.698857669805,1
0,-1.52945669157,0
0,-1.85621414385,0
0,-0.102627960115,0
0,-1.06012571137,0
0,-2.52987751092,1
0,0.571276212352,0
0,0.0126032347603,0
0,-0.74953133221,0
0,-0.817898494334,0
0,0.801804922875,0
0,-0.130692194274,1
0,-0.108182630304,0
0,-0.465392864829,1
0,0.591534512883,0
0,-1.1959548265,1
0,1.2371259812,0
0,0.246455260303,0
0,1.23345385178,1
0,0.132284219764,1
0,1.78661540136,0
0,-0.786371273625,0
0,-1.34591559215,0
0,1.25743685291,0
0,-1.30321814235,1
0,0.410580914567,1
0,-0.0410110169935,0
0,-1.47987686173,0
0,-0.789420106132,0
0,0.038845666471,1
0,0.37452579581,0
0,-0.543975422008,1
0,0.935492152479,1
0,0.314423130368,0
0,-1.05177049827,0
0,0.0895074114443,0
0,-2.58188845091,0
0,-0.353012607009,1
0,0.278406718203,0
0,-0.261546588341,0
0,0.964580608504,1
0,0.0291283233354,0
0,-0.180176162523,0
0,1.17928362799,0
0,-0.266746088209,1
0,0.821169125119,1
0,-0.980005500653,1
0,0.282271751522,1
0,-1.08499129175,1
0,-1.05926844037,1
0,0.26430146898,1
0,0.283174344109,0
0,0.567627699107,1
0,-0.479870402388,1
0,1.155915743,1
0,0.148377869667,0
0,0.662013744761,1
0,-0.434289992691,0
0,-0.940154462609,0
0,0.346325198347,1
0,0.17352599924,2
0,0.173476953459,1
0,-1.24326753891,0
0,-1.67780116398,0
0,0.246779755319,2
0,-1.3162362605,1
0,0.536042100799,0
0,-1.47326129477,1
0,0.78264846681,0
0,0.580662374204,1
0,-0.112436624714,0
0,0.273254421358,1
0,-0.850514935223,0
0,-0.799340100253,0
0,0.0577684322199,0
0,0.33441323435,1
0,0.502359251779,0
0,-0.065333689851,2
0,-0.732857783719,1
0,0.839567810797,1
0,0.0724443279294,1
0,-1.46262393004,0
0,-0.347625007518,0
0,0.333624145555,1
0,1.11768266504,0
0,-0.21612130038,0
0,-0.541408621852,0
0,0.578000777638,1
0,-0.202164722695,1
0,-0.2869480718,1
0,-2.30648168176,0
0,0.0675336310006,0
0,-0.613800287821,0
0,-0.955152499028,2
0,0.532338467559,1
0,0.928538776099,0
0,-0.404725329861,1
0,0.627729844697,0
0,0.878582759912,0
0,-0.628830526385,0
0,-0.271565012611,0
0,1.04088118701,0
0,0.84915120086,1
0,-0.428857093307,0
0,0.381981239852,0
0,-1.71692324047,0
0,-0.366560573684,0
0,-0.207375498428,0
0,-0.19010604111,0
0,-0.733142061239,0
0,-0.384741418646,0
0,-0.302099044096,0
0,0.104403101479,0
0,0.844021985806,1
0,-0.98641361768,0
0,-1.74101067555,0
0,0.0206486355574,0
0,-2.0451999763,0
0,-2.18122906358,1
0,-0.425163129548,1
0,-0.128630295421,1
0,0.35535782339,0
0,-0.134276569106,0
0,-0.606036658029,1
0,1.49492950634,0
0,1.20154685571,1
0,0.255334197793,0
0,-1.05234902389,0
0,-1.55902082577,0
0,0.229651138034,1
0,0.641724761254,0
0,1.15372652126,1
0,0.111844560247,0
0,1.89013725833,0
0,1.35394525324,0
0,-0.289894441142,1
0,-0.72391419873,0
0,-0.883663441126,0
0,-0.426704324249,0
0,-1.71507445295,0
0,0.302643988484,0
0,-0.838140202572,1
0,-0.766503678753,0
0,-0.956337568482,0
0,0.677001536432,0
0,1.01523237685,0
0,-0.331503389581,1
0,0.278162487591,0
0,1.42431144998,0
0,0.635763239303,0
0,-0.998894384147,0
0,0.151951826067,0
0,0.469044834902,0
0,-1.00518817439,0
0,-0.193400473105,1
0,-0.0457719234739,0
0,1.04587947932,1
0,0.208016776507,1
0,0.40202673654,1
0,-0.120783516503,0
0,1.59860439334,1
0,1.09388489547,1
0,-0.168622742995,0
0,-0.286520169053,1
0,-2.35297440414,0
0,1.08559919041,1
0,-0.644677121404,0
0,0.530620441289,0
0,0.887123766989,1
0,0.770146193715,0
0,-1.38914734573,0
0,-0.152404697562,1
0,0.503483214836,1
0,-1.04468883234,0
0,-1.69752871925,0
0,0.530270931878,1
0,-1.34203109152,1
0,0.604221412921,1
0,0.271385324709,1
0,1.56643714517,0
0,-0.934279226875,0
0,-0.791111464455,0
0,-1.62009079494,0
0,-1.30946451314,0
0,1.25082151217,0
0,-0.411016009588,0
0,-0.332484041093,0
0,2.53974614861,0
0,-0.148820048121,0
0,-1.99050731559,1
0,-1.42777538052,1
0,0.531628645122,1
0,-1.37825703116,1
0,-0.77023126574,1
0,-0.380097250498,0
0,-2.01745228788,0
0,-0.786300838084,0
0,2.11084135855,0
0,0.0225619867096,1
0,0.6485447837,1
0,-1.62618102302,0
0,-0.579769909102,0
0,-0.47295286662,0
0,1.34891387269,1
0,-1.01465782879,0
0,1.0621309174,0
0,0.701988905262,0
0,-0.0240846777808,0
0,-0.00995116366452,0
0,-0.808986018021,0
0,-0.207236293828,0
0,1.24944412331,2
0,1.24476568988,0
0,-0.899816521975,0
0,-1.2085950304,0
0,0.349782069969,0
0,0.58924279332,1
0,-0.256786183824,0
0,-0.710362932611,0
0,0.0778081219738,0
0,-0.611365154136,1
0,-0.291203216135,1
0,-0.31092358968,1
0,0.629192659912,0
0,-0.646915014603,0
0,0.238847210718,0
0,-0.400945822122,1
0,-0.399062362324,0
0,-0.574565209341,1
0,-0.279013679968,0
0,-0.64055971558,0
0,1.47992656854,0
0,-1.65729408585,0
0,-0.467416154617,0
0,-0.691959823962,1
0,2.58870729838,1
0,1.79497067424,2
0,-0.105215845686,0
0,0.978876459757,0
0,1.14931580163,0
0,-2.62012643977,0
0,-0.584669414216,0
0,0.247656496052,0
0,-2.52173947066,0
0,0.728684319778,1
0,-0.52154063337,1
0,-0.0907638917859,0
0,-0.209087640027,0
0,-0.799714581649,1
0,-0.214603428115,0
0,-2.56007170205,0
0,1.50323008702,0
0,0.995406284404,0
0,0.987805020306,0
0,-0.330555448605,0
0,0.0926705889868,1
0,-0.126180363559,0
0,0.204606323377,0
0,-0.850009958769,0
0,-0.709995641778,0
0,-0.425868486758,0
0,-1.21500475065,0
0,0.882991126755,0
0,0.0488997000618,0
0,0.419875595413,0
0,-0.522182600563,0
0,0.436859292533,0
0,0.454350047235,0
0,0.360149655477,0
0,-0.543755850087,0
0,0.952975726615,0
0,-0.703764985183,0
0,-0.263306119662,0
0,0.0859639801667,0
0,-0.401102003349,1
0,0.75870199408,0
0,-1.05685067526,0
0,0.0824227952561,0
0,-0.813852409841,0
0,-1.19750440848,0
0,-0.379830556782,0
0,-0.931523271897,0
0,-2.76042582339,0
0,-0.473565766994,0
0,-1.11582165997,0
0,-1.11266603849,0
0,0.346335312759,0
0,0.406259970286,1
0,0.348210962065,0
0,-0.575364770801,0
0,-0.632784042737,0
0,-0.506454847374,0
0,-2.23203861783,0
0,-0.736142010863,0
0,0.673275050837,1
0,-0.562553574898,1
0,-1.71446670558,0
0,-0.2024255548,0
0,-0.155177860102,1
0,0.228395889965,1
0,-0.884097750291,0
0,-0.372587609862,1
0,1.2488523795,1
0,-0.820329322388,1
0,0.898075640369,0
0,0.346794268049,0
0,-1.17408691466,0
0,-1.31515260967,0
0,-0.577638434026,0
0,0.0848486437749,0
0,-1.47714144192,0
0,-0.228403785472,1
0,0.153597571579,0
0,-0.0320333422992,0
0,1.11962935642,1
0,-2.5311530483,0
0,0.881337709783,1
0,-1.17084869509,1
0,-3.08532068116,0
0,-0.66294058935,0
0,1.11805900245,1
0,1.29917937492,0
0,1.32886639294,1
0,-1.32275272306,0
0,-0.910661860893,0
0,-0.241878565911,0
0,-0.917028004274,0
0,1.43515503301,2
0,0.90453276171,2
0,-0.466826395044,1
0,-0.0884439603137,2
0,-0.440349601045,0
0,0.247108470503,0
0,-0.497598014023,0
0,-1.99601406405,1
0,0.288323446598,1
0,-2.39078826508,0
0,-1.64539074087,0
0,1.07324087841,0
0,0.621068234993,1
0,0.65643553187,1
0,0.744030137425,0
0,-0.0826428709461,0
0,-1.84054815129,1
0,-0.296327450341,0
0,-0.690558413219,0
0,-1.1312156748,0
0,-0.996116281673,0
0,0.716860286428,0
0,-0.4439734889,0
0,-1.54260875555,0
0,-1.29572082452,0
0,0.975633225552,0
0,0.943145537645,0
0,-1.59452773267,0
0,1.6994414371,1
0,1.70840559976,1
0,0.616613520168,0
0,-0.153367734023,0
0,-1.43190706825,1
0,-0.268681858374,0
0,1.52055030886,1
0,-0.363337690227,1
0,-1.47478744355,0
0,-0.270682542707,0
0,-2.21943473135,0
0,-0.202769523765,0
0,1.68364045676,1
0,0.0617378074704,1
0,0.165339016212,0
0,-0.615134925625,0
0,0.682938913665,0
0,0.296105709314,0
0,-0.340327168997,1
0,-1.8669393216,0
0,-0.830772999446,0
0,-0.883967339282,0
0,-0.972473923521,0
0,-0.361929680437,0
0,-0.315628892292,0
0,-0.622986878391,1
0,-0.498082969663,0
0,-0.673118813512,0
0,-0.320438334558,0
0,-2.02893216437,0
0,-1.1633195611,0
0,1.21253603656,1
0,0.363333181769,0
0,-0.503997901136,1
0,-0.496706769633,1
0,-1.00033985545,0
0,-0.685329036561,2
0,1.66024991205,1
0,0.316758558878,0
0,-1.76666275264,1
0,-1.03889206138,1
0,-0.13983548288,1
0,-1.48671032166,0
0,-0.263428119961,1
0,1.28244682786,0
0,-0.375709078714,0
0,-0.948382732878,0
0,-0.197820950092,1
0,-1.1729156519,1
0,-1.64330212769,0
0,-1.63226916274,0
0,-0.120028367584,0
0,0.722194761138,1
0,-0.805536773807,0
0,-1.27268865486,1
0,0.195914625795,0
0,-0.450136671659,0
0,1.68349176043,2
0,-1.25463605675,0
0,-0.121945470997,2
0,0.774296959072,0
0,-0.183997126784,0
0,1.57263871612,1
0,-0.188506585953,0
0,0.406385412119,0
0,-0.627415043576,0
0,-0.446433458546,0
0,0.838735810855,1
0,1.22401100389,1
0,-0.498833645273,1
0,1.03337906967,0
0,-0.794896123389,1
0,1.20254295172,0
0,0.600979517636,2
0,-0.60916538925,0
0,-1.87422661764,0
0,1.31281684278,0
0,1.71743685139,1
0,-0.390407204433,0
0,-0.207616108966,1
0,0.286298941941,0
0,-1.17815921164,0
0,-0.128473315024,0
0,0.309685118661,0
0,-0.669441489175,0
0,1.21166539071,0
0,-1.14571391462,1
0,1.63478704854,0
0,-0.794553859458,0
0,-0.358295392516,0
0,-0.547075878988,0
0,-0.303997165404,1
0,0.316643676198,0
0,2.5007258724,1
0,-0.641232787768,0
0,0.624046874127,0
0,-2.26505542271,0
0,-1.33262881573,0
0,0.134896910646,0
0,0.691185504077,1
0,0.40807358288,1
0,0.817988597589,1
0,-0.869995996289,0
0,0.200336732005,0
0,-0.0313359667248,0
0,0.283057777949,1
0,-0.0727476537607,1
0,0.730454131505,1
0,-1.48473953841,0
0,-0.469455027395,1
0,-0.909680738946,0
0,0.310260768538,1
0,0.63456525393,0
0,0.559117970508,1
0,-0.708192976814,1
0,-0.744713386693,0
0,-3.21836868409,0
0,-0.187976889278,0
0,-0.55230995783,1
0,0.369526769129,1
0,-1.50817732629,1
0,2.09906346692,0
0,-0.649713195823,0
0,0.662284033666,0
0,1.39576029302,1
0,0.00516487055051,0
0,-1.57206586342,0
0,1.10425671152,0
0,-0.217561191086,1
0,0.379224851273,0
0,-0.449617153439,0
0,0.548300953507,0
0,-1.07718234599,0
0,-2.82604227044,0
0,0.326997583236,0
0,1.33802312564,0
0,-0.305617244072,0
0,0.177387159706,0
0,0.281322992944,0
0,1.71975382037,1
0,-2.69328297145,0
0,0.457266647976,0
0,1.52411889553,1
0,1.03168280433,1
0,-2.18610385293,1
0,-0.898596050222,1
0,0.615427662616,2
0,1.19751215896,1
0,1.01931606772,0
0,-0.464473223829,0
0,-0.175658059614,2
0,-0.178562469497,1
0,-1.12460743772,1
0,1.37257902416,0
0,-0.920199789163,0
0,0.300074431886,0
0,1.01038418641,1
0,-1.84252927035,0
0,-0.14217375636,1
0,0.157870578766,1
0,-1.13146784802,0
0,1.38196930843,2
0,0.895273717294,1
0,-0.243339011903,0
0,0.169578967431,2
0,0.275930218225,0
0,-0.973980252837,0
0,1.4192202529,1
0,-0.169583272565,1
0,-0.62485591876,1
0,-0.811638575956,0
0,0.719521762829,1
0,-0.32056084667,1
0,-4.14758311558,0
0,0.462561343055,1
0,-1.66638768972,0
0,1.64054325155,1
0,-0.056701957346,0
0,-0.218635680019,0
0,0.421297921042,0
0,-0.613196064955,1
0,-0.0258176531757,0
0,1.42566534775,0
0,-0.511469703804,0
0,-0.497862432897,0
0,1.5126994868,0
0,-1.2966841486,0
0,-0.718362549196,0
0,-2.21151746848,1
0,-0.90293047686,1
0,0.876654792752,0
0,-0.940858708095,0
0,0.975708640027,1
0,-0.689218380096,0
0,1.72981666639,1
0,1.04136467263,1
0,-1.76236943358,0
0,-1.13672656745,0
0,-0.945822124728,1
0,0.870546618526,1
0,1.47668768779,1
0,0.599930308261,0
0,-0.790327180327,0
0,0.965326578233,0
0,0.200800670016,0
0,-0.760300365203,0
0,-1.46145899957,0
0,1.43347664422,1
0,0.898523229614,0
0,-0.87630629969,0
0,-1.4269415813,0
0,-0.371692423882,0
0,-0.260214063792,1
0,0.791726430364,1
0,-0.863985637116,0
0,-0.619233940148,0
0,0.708999265651,1
0,0.267713105124,1
0,-2.09707158764,1
0,-0.762808058974,0
0,0.925230681802,1
0,0.795775384561,1
0,-0.202649100628,0
0,0.249371566934,0
0,-0.126715233197,0
0,0.81597994766,1
0,-0.383147392466,1
0,0.411623133162,0
0,-1.19314842935,0
0,-0.518498338575,1
0,1.27046174368,1
0,1.63061133828,0
0,1.76650412003,1
0,-0.214545949026,1
0,1.57812002111,1
0,-0.0451589731328,0
0,-1.57572835529,0
0,-0.249344113169,0
0,0.691042600984,1
0,-0.265708612398,1
0,-2.00630536525,0
0,-0.634886121408,1
0,1.77567763934,0
0,1.6547658824,1
0,1.1412374153,1
0,0.168402530136,0
0,-0.932072965014,0
0,2.24006255217,1
0,0.227916948177,1
0,0.289794982357,0
0,-1.54963611222,0
0,0.17125699537,1
0,0.11039339597,1
0,1.0361602782,1
0,-2.22059528302,0
0,0.991242440011,0
0,-0.378091266249,0
0,0.155447860173,0
0,-1.54454291567,1
0,0.569491687111,0
0,-0.86420417079,0
0,1.22059342061,0
0,1.21690268111,0
0,0.430943080734,0
0,-1.96135331762,0
0,-0.0949966754102,0
0,0.747050579793,2
0,0.879746922223,1
0,-0.752279218611,0
0,-1.88924866536,0
0,-0.283425664468,1
0,-0.0532523720516,1
0,-1.80323252544,0
0,-1.23094123405,0
0,0.760213418108,1
0,-0.0926364281679,0
0,-0.485303409987,0
0,0.774618581155,0
0,0.200990674525,0
0,-0.598823350413,1
0,-1.39234618387,0
0,-0.738709676724,1
0,0.0984656957397,0
0,0.515791720454,2
0,-1.13156989787,0
0,0.396275790548,0
0,-2.2571523177,1
0,0.184129290958,0
0,0.44883120102,0
0,-1.19690850525,0
0,-0.350795206442,1
0,1.4002728967,0
0,-0.455905860361,0
0,-0.662592852422,1
0,-0.536764063433,0
0,2.12375664287,1
0,-0.049511972053,1
0,-0.890958343842,1
0,1.48897970788,0
0,0.434703105297,1
0,-0.436028077016,1
0,0.917462970458,0
0,1.90912512018,2
0,-2.71466769342,0
0,1.48957322597,1
0,-0.628247864269,0
0,-0.406868871175,1
0,1.26840092779,0
0,0.226886592188,0
0,0.764905441022,1
0,0.635014971566,0
0,-0.157968947835,0
0,-1.32102615572,0
0,-3.19683854754,0
0,0.655677178164,1
0,0.861441029537,1
0,-0.458559846727,0
0,-1.47899336893,0
0,-0.762763292529,0
0,1.40334736345,1
0,-0.681427970527,0
0,-1.37587765309,0
0,-0.986510987462,0
0,0.915971140621,1
0,-0.853670689043,1
0,-1.03072075254,0
0,-0.62976055666,1
0,-0.402677068946,0
0,1.05702218187,1
0,-0.363962571405,1
0,-1.14083324954,0
0,-0.987253824299,1
0,0.896840298945,0
0,-0.7039227087,0
0,0.198630884588,1
0,-0.0668283204878,1
0,1.37579575063,0
0,-1.30843898449,1
0,-1.19315311997,0
0,0.234609573799,0
0,-0.291876135759,1
0,0.336137511858,0
0,-1.29315831501,1
0,0.466242388619,1
0,-1.64841520292,0
0,1.24683899786,1
0,-0.772548289884,0
0,1.86409175998,0
0,-0.087725206811,0
0,-0.652387392046,1
0,-0.973789781047,0
0,1.19422974949,2
0,-0.353513756954,0
0,1.09980783251,0
0,-1.8044375621,0
0,-0.892676458922,0
0,-0.346540934108,0
0,-1.32798770115,0
0,2.53671129829,0
0,1.33010676433,1
0,-1.32194280303,1
0,-2.4960049888,0
0,0.430338733802,0
0,-0.912572857504,0
0,-1.65130654904,0
0,0.159750495989,1
0,0.264872687624,0
0,3.04201761605,2
0,1.75712708982,1
0,1.37808304213,2
0,1.25634815111,1
0,0.121537784474,0
0,-1.01068495837,0
0,-0.586577373537,0
0,-0.00866354675972,0
0,0.0907203392978,1
0,-0.0296347419342,0
0,0.942247218026,1
0,1.18170688214,0
0,0.0555697188492,0
0,-0.891937680485,0
0,-0.743395560956,0
0,-1.2732785172,0
0,-0.0289200207073,1
0,-0.0857413346556,0
0,-0.342023392816,0
0,-0.243922283715,0
0,-0.0919582497744,0
0,-1.43386551292,1
0,1.06166267984,0
0,-0.582081404228,0
0,0.354608226451,0
0,-0.499143828473,0
0,-0.446856282396,0
0,-0.482671751138,1
0,-1.7089660571,0
0,-0.985081683914,1
0,-0.405428425503,0
0,-1.01027651374,0
0,-0.151833328425,1
0,0.838296544935,1
0,0.787403558589,0
0,-1.24698693669,0
0,-1.10778980149,0
0,0.0146670267728,2
0,-1.28562947533,0
0,0.835577480499,1
0,-1.32353866093,1
0,-0.120941103696,0
0,2.36501748689,0
0,1.03597652261,1
0,1.22008460002,0
0,-1.19406889338,0
0,1.89667055927,2
0,-1.74911528052,0
0,-0.688650343472,2
0,0.454218604355,0
0,-0.593977885459,0
0,0.87724867528,1
0,1.56911631459,1
0,0.409655935275,2
0,-0.466732004086,1
0,-1.0238551911,0
0,-0.291857822055,0
0,0.244803023997,0
0,-0.671076602814,0
0,-2.83262144832,0
0,-1.7193122069,0
0,1.08204956687,1
0,-0.814447667892,1
0,-0.2615712019,0
0,-1.4034454556,0
0,-0.0106185770599,1
0,-2.15934099484,0
0,-1.14608725538,0
0,-0.214513415181,0
0,0.500677477745,1
0,-0.662093563287,0
0,-2.64905828396,0
0,0.8821563359,0
0,-1.03120601437,0
0,-0.309422832469,0
0,-0.893847061628,0
0,0.218008611309,0
0,-0.590258287028,0
0,0.574730441426,1
0,0.554065359365,2
0,0.895403260441,0
0,0.625726271574,0
0,0.290970040075,0
0,-1.53126731461,0
0,0.810583798892,0
0,0.241328150063,0
0,-1.40392481363,1
0,-0.188935288561,0
0,-2.65045953995,0
0,-0.0218811094251,1
0,0.071887592503,0
0,-0.815090264611,1
0,-0.911899137842,0
0,-1.20801671202,0
0,0.0317205669202,0
0,-0.584072631605,1
0,0.565688016527,1
0,0.390090185394,0
0,-1.00825987048,0
0,0.762160797916,0
0,0.128506352597,0
0,-1.93101664963,1
0,-1.16985877516,0
0,-0.125753051226,0
0,0.229630040031,0
0,1.86117567335,0
0,1.37290192983,0
0,-0.318516804125,1
0,0.674056587101,0
0,-1.27941394006,1
0,0.476521420979,0
0,0.36962394907,0
0,-0.409978631738,0
0,-1.87253490473,1
0,-0.528884507696,1
0,0.766487968739,0
0,-0.0448665076318,1
0,0.155402485278,1
0,-0.0302911154627,1
0,-1.00464645028,0
0,-0.161947775304,1
0,-0.478944056903,0
0,-0.728405972084,1
0,-1.10586051033,1
0,-0.902986161736,0
0,1.03507508019,0
0,-1.27853619226,0
0,-0.925366567398,1
0,-0.777548153671,1
0,-0.141097420069,1
0,-2.05226794671,0
0,0.557373195708,1
0,-2.18278955183,0
0,-1.40159095657,0
0,0.168986612573,0
0,-0.286350955392,1
0,-2.58080224623,0
0,0.245635209161,0
0,0.474626574881,1
0,-0.730119645316,0
0,-0.666957615273,1
0,0.275826638129,0
0,0.834837668416,0
0,0.0676365590604,0
0,1.43190601401,1
0,0.0460081036052,1
0,-0.314248227332,1
0,1.26778010211,0
0,0.10009722649,1
0,-1.87113032758,0
0,-1.30870067333,0
0,-0.705457811017,0
0,-1.2331625527,0
0,0.240344389871,1
0,-0.806847416882,0
0,-0.607119217855,0
0,-1.48062433506,0
0,-0.889558980054,0
0,-0.496575781929,0
0,0.383172868344,0
0,0.72327856791,1
0,0.703480440042,1
0,-2.09808654702,1
0,-0.42499521993,0
0,1.18937435521,0
0,-0.0354237149145,1
0,-0.458373821986,1
0,-0.556919183661,0
0,-1.12396522267,0
0,0.297493657006,0
0,-0.750920527717,0
0,0.568656664324,2
0,0.502924716107,1
0,-1.05119386102,0
0,1.33892803192,0
0,-1.88590502201,1
0,-0.536534912995,0
0,0.508008104352,0
0,0.316163010506,1
0,0.189043333751,2
0,0.279793423816,0
0,1.09152558877,0
0,1.22433736465,2
0,0.411728532176,1
0,-1.58482434023,0
0,-1.20689357499,1
0,-0.339182256844,0
0,0.859482425663,1
0,-0.670926030955,0
0,-0.00508074258966,1
0,-1.09406313893,0
0,-1.08718723472,1
0,1.13726517801,0
0,-1.50832395447,0
0,0.444161137247,0
0,-0.901259344183,1
0,-0.74034675164,0
0,-0.133751884812,1
0,-0.11273817871,0
0,-1.29095488135,0
0,-1.03683532497,0
0,1.67221973892,0
0,-2.78176665281,0
0,0.51800425058,1
0,-1.00538934871,1
0,1.33918820627,1
0,-0.331061559348,1
0,0.099774697392,1
0,0.417670534397,0
0,-0.358861817294,1
0,0.876950129712,0
0,-1.72285159871,0
0,-0.343125613226,0
0,-0.0959936518509,1
0,-1.22503997708,0
0,0.271857040816,1
0,-0.903515793096,0
0,-0.288548060385,1
0,0.0965104368477,1
0,0.358982492794,0
0,1.28620236695,0
0,-0.811810499973,0
0,1.49881665801,2
0,1.26783039085,0
0,0.0207452864645,1
0,-0.336297912798,0
0,0.143211426378,0
0,0.597381078456,0
0,1.82149274093,1
0,1.49515271693,2
0,-0.746317964183,0
0,-0.607313106973,0
0,-0.106873469767,0
0,0.552880852242,0
0,0.963117580979,2
0,0.330581261748,1
0,1.46064382467,0
0,0.829637854227,1
0,-0.36216553781,2
0,-0.7009769996,1
0,-1.4582555997,0
0,0.623128827789,0
0,-0.466817392517,1
0,-2.23959590326,0
0,2.38051938554,0
0,-2.97079842588,0
0,0.416557473508,0
0,0.0752908008355,0
0,2.86710257944,0
0,0.795586280459,0
0,-1.10882911364,1
0,1.08862276801,1
0,-0.347572071367,0
0,0.49320456813,1
0,-0.46554955623,0
0,-1.46277203351,0
0,-0.0395518489,1
0,-0.40735585419,1
0,0.0287621598567,0
0,-0.896026355644,0
0,0.301875626648,1
0,-2.12951711385,0
0,0.00516542082085,0
0,-0.0284253463078,0
0,0.773845970412,1
0,-1.61072199836,0
0,-3.24060656027,0
0,0.181114326215,0
0,0.136799212099,0
0,0.462000806541,1
0,-1.46006010522,0
0,-0.611476319061,1
0,0.964862077516,1
0,-0.584791964524,0
0,-1.19454929116,0
0,-2.08013101956,0
0,-0.701289802206,1
0,0.545493871229,0
0,-1.33035763971,0
0,-0.395960845351,1
0,-0.828577353836,0
0,1.13030962743,0
0,-0.730882099309,0
0,0.571281336552,0
0,-0.246720053357,1
0,0.0623893349148,0
0,0.773344070502,1
0,0.471000065397,1
0,1.0953640925,0
0,-1.39834721485,0
0,-1.25430783558,0
0,1.97104520738,0
0,-0.291729122864,2
0,0.363354702263,1
0,0.469909922669,0
0,0.357243038996,0
0,0.291531394511,1
0,0.384485336677,0
0,-0.308694525007,0
0,-0.326086418884,1
0,0.611312004716,0
0,0.893780899468,0
0,0.0799706843361,0
0,-1.38825054093,0
0,-0.119475257666,0
0,-0.727911621356,1
0,0.586269245361,0
0,0.454917113391,1
0,0.761145487587,1
0,-0.180416396581,0
0,-0.214895168011,1
0,1.44678652112,1
0,-0.0744600955953,0
0,-0.510160044749,1
0,-0.0852532713764,0
0,0.856119593226,0
0,-0.514655609514,0
0,-1.94175783327,0
0,0.616106291036,0
0,-0.0481132567141,0
0,0.132268212156,1
0,-1.40761185437,0
0,-0.00806531416876,0
0,-0.641611014559,0
0,-0.101257101067,0
0,-0.289659439545,0
0,-0.895388044776,0
0,0.625645079866,0
0,-0.650202944955,0
0,-0.568551455978,1
0,1.28374550026,0
0,-1.4282481605,0
0,0.356305650548,0
0,-2.18498534471,0
0,1.44900344623,2
0,-0.850251413195,0
0,-0.56838528524,0
0,-1.64175773091,0
0,-0.236134710641,0
0,0.97643088371,0
0,0.347954685223,1
0,-0.21227502217,0
0,-1.91115442457,0
0,-0.536704176606,0
0,-0.507329907783,0
0,0.248877533727,0
0,-2.85760918797,0
0,0.873300185023,1
0,-0.187327246249,0
0,0.320634557277,0
0,-1.01356606792,1
0,-0.902844695611,0
0,1.84500502012,1
0,1.1690121407,2
0,1.52152841465,0
0,-0.0447710918017,1
0,0.8607160887,0
0,0.22530346717,0
0,-0.318082739236,1
0,0.818640086799,1
0,-0.921757578466,0
0,-0.367945323315,0
0,0.472068934977,1
0,0.385004226855,2
0,-1.66678952435,0
0,-1.59468514615,0
0,0.139592571739,1
0,1.12113185917,0
0,-1.0094792953,0
0,-0.538110352345,1
0,-0.271318913405,0
0,-0.684800794185,1
0,-0.636802381812,0
0,0.415901560398,1
0,-0.499545155454,0
0,-0.610014057982,1
0,-0.848489847301,0
0,-0.972367724533,0
0,-0.761006392891,1
0,0.440010075558,1
0,-1.86918095317,0
0,-1.52192876166,0
0,0.202932273161,1
0,1.98227035125,1
0,-0.265092786011,0
0,-1.48572630066,0
0,-0.216904823992,2
0,-0.411884418883,0
0,0.0885667094857,1
0,-1.46587751208,0
0,-2.05581219937,0
0,-0.4479573162,0
0,-1.95750323714,0
0,-0.130911676627,1
0,-0.69166096245,1
0,1.92724508217,2
0,0.530419442968,0
0,-0.137367602032,1
0,-0.346067391695,1
0,-2.00612733364,0
0,-2.40513837696,0
0,-0.443593399179,1
0,0.720283698619,1
0,-0.183286026478,0
0,0.151405301233,0
0,-1.19598085828,0
0,-1.96355414784,0
0,-0.721649756775,1
0,-2.22428672214,0
0,0.792877334185,0
0,0.392223024852,0
0,-1.18448843387,0
0,-0.719495383885,0
0,-0.333336495437,0
0,1.87718958318,0
0,-1.37821942068,0
0,-0.774372908992,0
0,0.077330986131,1
0,0.725609123991,1
0,0.0402253177544,0
0,-0.208606687315,0
0,0.291106378086,0
0,-0.3516295174,0
0,0.432339232033,1
0,1.21540821178,1
0,-0.13226530347,0
0,-2.04017806856,0
0,-0.175217065017,0
0,-0.14835220117,0
0,0.344667086245,1
0,-0.0936086798552,0
0,1.62938071985,1
0,0.758565937585,1
0,-0.591406082905,0
0,0.349444271776,0
0,-0.540319772752,0
0,-0.533310643028,0
0,-0.640368704855,0
0,0.068312468713,1
0,-2.21603910316,0
0,1.15825751745,0
0,1.01947182679,0
0,0.028157994035,0
0,-1.32180331757,0
0,-0.708475696567,1
0,-0.0657499709149,0
0,0.949712224651,1
0,0.0126772463509,0
0,-0.370391589403,1
0,-0.57582792741,0
0,-0.882116205592,1
0,0.953834860314,2
0,-0.499742619799,2
0,0.288322940523,0
0,-0.876014326519,0
0,-0.777338796071,1
0,-0.310813909026,0
0,0.397256363489,1
0,-1.02222219256,0
0,-1.55544057854,0
0,1.70144945002,1
0,1.70925679746,0
0,-1.06281150872,1
0,0.359188153523,1
0,1.29095149417,1
0,-0.684486701021,0
0,-0.916509047202,1
0,1.36602288475,1
0,1.4775335996,1
0,-1.04074093311,0
0,-1.87109606402,0
0,-0.242377216695,0
0,-0.399401946067,0
0,0.255007462773,0
0,-1.62723167272,0
0,1.67961529834,1
0,-0.619945789755,1
0,-0.137827016858,1
0,-0.361138062954,0
0,-0.70479469178,0
0,0.712586917449,0
0,-0.950203269303,0
0,-0.0701535197511,1
0,-1.67384085334,0
0,-0.822492656427,1
0,-0.638003318142,0
0,1.29058771874,1
0,1.60366691791,0
0,-0.41623221454,1
0,0.219613285746,2
0,0.616661108673,2
0,-1.9792267257,0
0,0.8536972569,1
0,-0.35144360467,0
0,-2.02668283205,0
0,-0.00827075945613,1
0,0.620109930338,0
0,-0.197195099819,2
0,-0.322051696203,0
0,-0.754296358171,0
0,-0.884435321518,0
0,1.32113985094,0
0,1.17377265035,0
0,-1.7250207506,0
0,-1.1522326219,1
0,-1.1727825389,0
0,-1.1589599647,0
0,0.695825723942,1
0,0.471548907346,0
0,-1.4160524788,0
0,-1.53512383765,0
0,-1.47110201951,0
0,0.44514904436,0
0,0.292328895675,0
0,-0.426236906209,1
0,0.0674247007622,0
0,0.447579152295,0
0,-0.348740208339,0
0,1.35564062329,1
0,-0.00946637959009,1
0,1.04103578557,0
0,-0.748071131329,0
0,-0.140644035613,0
0,0.424180075901,1
0,-0.691601158299,0
0,0.289720101972,2
0,1.4340142952,0
0,-0.931606860886,0
0,1.24472389812,1
0,0.667838265364,0
0,-0.477208573724,0
0,-0.0229560661761,1
0,-0.380176009786,0
0,0.573211826728,0
0,-0.441155076418,0
0,-1.72381925046,0
0,-2.04261231407,0
0,-0.219140131713,2
0,-1.38196454647,1
0,0.74978250483,1
0,-1.2930408594,1
0,-0.66479073302,1
0,-0.865328757885,1
0,-0.803937259408,1
0,2.57026361288,2
0,-0.386861807235,0
0,1.26404055209,2
0,-0.952618043213,0
0,0.969408640715,1
0,-1.91088906186,0
0,-2.07198814666,0
0,0.304484583265,0
0,1.61772874593,1
0,-1.56209037631,0
0,0.958993229881,1
0,0.231078114864,0
0,-0.121591669197,2
0,-1.18698559947,0
0,-0.740448115268,0
0,0.532020346607,1
0,0.230485378403,0
0,0.14609710368,1
0,-3.12302900827,0
0,0.402333314741,1
0,0.665120405843,0
0,0.338787571175,0
0,0.659114840932,0
0,-0.363169408799,0
0,-1.17442746061,0
0,-1.57775407915,1
0,3.24114266858,1
0,-0.344217973818,0
0,-1.74909842515,1
0,1.98928270905,0
0,-0.838210883311,0
0,0.751190676906,0
0,-1.22778853463,0
0,0.205601279445,0
0,0.661028257512,0
0,0.265427094897,0
0,-0.280842830093,1
0,-0.204739327261,0
0,-0.583078910011,1
0,-0.108675100236,1
0,1.65430900835,0
0,-1.55402050327,0
0,0.792578504102,0
0,1.20268726196,2
0,-0.583811863013,0
0,0.787108473002,1
0,-0.803034223042,1
0,-0.290489425351,1
0,0.282269874977,0
0,0.548093333657,1
0,0.783478658288,1
0,-1.26115377659,0
0,0.444497832818,0
0,-0.546872957655,0
0,-0.0404761337305,1
0,0.429990714757,0
0,-0.648127475879,0
0,0.966103361202,0
0,-0.791727490579,1
0,-0.798912043461,2
0,1.20373008513,0
0,-0.497006108523,0
0,0.126062318703,0
0,-1.0679168614,0
0,0.477504018617,1
0,1.48565234573,1
0,1.02082197218,0
0,-0.710022479139,1
0,-0.924686409953,0
0,-0.89555616939,0
0,0.189073793977,0
0,0.292359007669,1
0,-0.0135846263687,0
0,-0.24705883289,0
0,-1.33060067292,0
0,0.239454497902,1
0,0.134167789374,0
0,-3.07412007006,0
0,-0.0334596075848,0
0,1.65583178357,0
0,-0.573338927557,0
0,0.345849306366,0
0,0.561216568592,0
0,1.2082423711,2
0,-0.0659741386989,0
0,-0.608710297866,0
0,0.494895898363,0
0,-0.0686744519696,0
0,1.1107274494,1
0,-0.967063042407,0
0,-0.681513381213,0
0,0.0805626494944,1
0,1.03387459808,0
0,0.769557920615,0
0,0.919837051223,0
0,0.500962479503,0
0,0.887954317983,0
0,-0.927086402804,0
0,1.34118740879,1
0,-1.40155373385,0
0,1.25758743795,1
0,0.612365595142,0
0,0.231195632838,0
0,-0.355195988321,0
0,0.480509013804,2
0,-0.870651332785,0
0,-0.181299372971,1
0,-0.404061545318,0
0,-0.698375667367,0
0,-1.07439789609,0
0,-0.622461706797,0
0,-0.0725611829052,1
0,-2.15073028947,0
0,-0.630871685253,0
0,-1.62530689084,1
0,1.91779103178,0
0,0.75326655757,0
0,-0.696066307481,0
0,-0.417675054285,0
0,0.364529398459,0
0,0.953511477269,0
0,-0.915557563326,0
0,-0.814017335245,0
0,-0.508728675412,0
0,-1.18325612133,1
0,0.333196868584,0
0,0.275100992643,0
0,0.292536833433,1
0,-0.71087724639,1
0,0.11386304153,1
0,-0.639677149853,0
0,-0.087128137646,1
0,-0.414883912603,0
0,0.147293332555,0
0,-0.829244587401,0
0,-1.11690513282,0
0,0.04358905482,0
0,-0.30512177389,0
0,-0.958931044746,0
0,-0.654635617181,0
0,-0.0204981137365,0
0,-0.659290398919,0
0,0.962655963501,1
0,0.381673360196,1
0,-0.332217565991,0
0,-2.35746790918,0
0,-1.00325843251,0
0,0.0185146756915,1
0,0.408132298468,1
0,-0.386413174412,0
0,-0.884644492509,0
0,0.873459684817,0
0,-0.371368121643,0
0,-0.342539507576,0
0,-0.53546876314,0
0,-1.85024223144,0
0,0.429992371172,0
0,0.148363575192,0
0,1.14779439325,0
0,-1.71317455353,0
0,-2.58531524124,1
0,-0.807261696001,0
0,-0.00756477304146,0
0,0.460580893748,0
0,-0.44906912028,0
0,-0.884251227743,0
0,-0.783373323837,0
0,-2.35771150444,0
0,2.97453359358,2
0,-1.24090579111,0
0,0.818334057692,1
0,-0.568032098552,1
0,-0.131052171552,0
0,-0.508494067225,0
0,-0.295546951754,0
0,-1.14727183732,1
0,-3.15791477823,0
0,-0.292807509492,0
0,0.786930767984,0
0,-1.87244198813,0
0,0.376843978142,0
0,1.13216011918,1
0,-0.93995170867,0
0,1.26499450957,1
0,0.00686136933792,0
0,1.55443224899,1
0,0.78457023942,0
0,-0.0602205140862,1
0,-0.833631188372,0
0,0.173953522858,0
0,-0.668783510204,0
0,1.04816100501,0
0,-1.0734501577,0
0,0.596424221684,0
0,-0.614338702729,0
0,-0.986490626272,0
0,-0.663054315545,1
0,-0.555628638769,0
0,1.38084049979,1
0,1.2316942111,1
0,-0.11714145803,0
0,-0.692350360851,0
0,-0.00189903862982,1
0,0.440135122838,0
0,2.64827843659,0
0,0.0320831118743,1
0,0.805031387404,0
0,-1.14125924526,0
0,-0.800545533651,1
0,-2.1719040061,0
0,1.28876929369,0
0,0.20807422116,1
0,-0.0948479593162,1
0,-0.482754109725,1
0,-0.767080743121,0
0,-0.408017854664,0
0,-1.67073105996,0
0,-0.583805169962,1
0,-0.682031583002,0
0,-0.710234119291,0
0,-2.17141254333,0
0,1.54678349383,0
0,-0.673231588758,0
0,0.445889874371,0
0,0.281942305057,1
0,0.88653199213,1
0,0.458608969045,0
0,-1.40806752619,0
0,-0.0463796895159,0
0,1.17823558152,1
0,-0.263360510765,0
0,-0.799255411032,0
0,-0.874350684302,0
0,0.671246994622,0
0,0.139809174476,1
0,-0.356846993073,1
0,-2.08084358596,0
0,-0.920305407251,0
0,0.115554707345,1
0,0.986642896634,0
0,-1.36390721605,0
0,-1.88684421406,0
0,-2.00049168826,1
0,-1.02315748415,0
0,1.49014040877,0
0,-0.662173757588,0
0,0.897397337974,1
0,1.01037378384,0
0,-0.613649570356,0
0,0.700587103728,1
0,-0.674131043747,0
0,-0.349602320105,0
0,-0.209652257175,0
0,-0.381676372818,1
0,-0.619250019843,1
0,-1.05974857644,0
0,-0.910720085269,0
0,-0.829522951667,0
0,-0.849200386366,0
0,-0.576594463185,1
0,-1.56490307484,0
0,-0.875996040921,0
0,-0.381767086963,1
0,-0.190303291486,1
0,0.804597163303,1
0,1.20048507662,1
0,0.478005701708,1
0,0.382348566652,0
0,-0.741818654108,0
0,-0.776389243573,0
0,-0.0425844151,1
0,-2.63227809012,0
0,-0.338665696209,0
0,-0.495080402903,0
0,0.0244698597916,1
0,-0.474816068126,0
0,0.70529488273,0
0,0.712850445557,0
0,-1.8218166971,0
0,-0.778057008868,0
0,-0.372867873744,1
0,-0.556437224759,0
0,-0.103559421011,1
0,1.43640647347,0
0,-0.0683388638041,0
0,1.52755706368,0
0,1.88788188864,1
0,-1.01696005475,2
0,0.778143893181,1
0,0.216136227648,0
0,-1.78763152557,1
0,-0.174268226714,2
0,-1.92992250324,0
0,0.354374149167,0
0,-1.11935884467,0
0,-0.200100367228,0
0,-0.356884073215,0
0,0.382126803767,0
0,-0.346036815741,1
0,0.741494440186,0
0,-1.75622879643,0
0,-0.213068413752,1
0,-0.147079852501,1
0,0.846236882208,0
0,-1.33209238324,0
0,-0.44020668025,0
0,-1.28936355748,0
0,-0.83288016694,0
0,-1.41913128155,0
0,0.286041212502,0
0,-0.0550879268778,0
0,-2.2794793891,0
0,1.06434054736,0
0,-0.699286745026,0
0,0.112196945281,2
0,0.238153555865,0
0,-1.58794555688,1
0,0.768147728699,1
0,0.693034745958,0
0,1.03664968148,0
0,2.13496313186,0
0,-0.729570263989,1
0,-0.0109400596943,0
0,1.27285806884,0
0,0.334171852066,0
0,0.177931160058,1
0,-1.41539246241,0
0,-0.917909634559,0
0,-0.00539197028403,0
0,-0.652173168569,0
0,0.508441233269,1
0,-1.18517019216,0
0,0.0818912793206,0
0,-0.0777096937131,2
0,2.04895159326,0
0,-1.37925457126,1
0,0.600936185486,2
0,-1.74191439024,0
0,-0.814079174791,2
0,-0.427119726691,1
0,-1.24564769671,1
0,0.585484348703,0
0,1.24469472277,1
0,-0.46901380654,0
0,-1.34182169842,1
0,0.270392749593,1
0,-1.24308793133,0
0,-0.579741001653,1
0,-1.29255534758,1
0,-0.679128727328,0
0,-0.773115420308,0
0,2.13637680592,0
0,-1.41427802969,0
0,0.923247142309,2
0,0.131197261535,0
0,0.621462877215,1
0,-0.251502776232,0
0,0.528492817632,0
0,1.39082180187,2
0,0.206984777712,0
0,-2.25708622253,0
0,-1.04368679644,1
0,1.04462061882,1
0,-1.40061401722,0
0,0.971765027006,0
0,-0.775616765189,1
0,0.872640514934,0
0,1.04399522814,1
0,-1.33383065469,0
0,-0.222627160824,1
0,0.593204637803,1
0,0.0566975179904,1
0,-2.34485087915,0
0,-0.873157672604,0
0,-0.575089085192,1
0,0.240039025582,0
0,-0.471211947202,0
0,-1.30355413693,0
0,1.11150442792,0
0,-1.13672619364,0
0,-0.000600176054188,1
0,-1.16637719033,1
0,1.40144100565,0
0,-0.342486135643,0
0,-1.60258179451,0
0,0.706602397671,1
0,0.793183234216,1
0,-0.3781028194,0
0,0.287467022195,0
0,1.46509703568,1
0,1.81193751538,0
0,0.219102729516,0
0,-0.782842087271,0
0,-0.958116554282,0
0,0.168608783959,0
0,-0.948885866681,0
0,2.12584888958,2
0,-1.08521910733,0
0,-0.0527413011824,1
0,-1.73110000667,0
0,-0.238345789354,0
0,-2.4755960199,0
0,1.1973169929,0
0,-0.975344521449,0
0,-0.43694242956,0
0,-1.60739601321,0
0,0.754205370506,0
0,0.639971947279,0
0,-2.6181145625,0
0,-1.62321305369,0
0,-0.92836836174,0
0,0.8661576622,0
0,0.890211747766,1
0,2.08613135719,1
0,0.045234781101,0
0,-0.507958635676,0
0,-0.757219401272,0
0,0.371088664536,0
0,-0.707060192452,0
0,-1.42822140971,0
0,0.222165738777,1
0,0.839029200464,1
0,-0.824138599425,0
0,-1.9728646778,0
0,1.04866756775,1
0,0.981326975382,1
0,2.29459746598,0
